2 76
557060 16
622597 18
688147 11
917528 93
688154 21
426016 26
491554 29
622630 15
753704 37
917545 76
524330 70
453298 78
950321 76
832534 16
98365 11
545567 30
524355 87
852040 86
917585 35
229464 91
622688 63
884833 97
163938 80
458853 12
950376 8
917612 72
688237 13
917615 96
721010 41
393331 73
163957 71
491639 93
327801 98
655483 30
251242 40
753791 84
32896 80
65669 1
393350 42
721039 24
24 39
655506 28
65687 85
458904 85
917659 91
415088 62
262310 71
360618 78
655539 98
731849 90
786617 48
295098 91
43722 78
721086 41
546165 58
360645 33
917703 84
983240 61
491726 25
458961 78
590038 2
721111 75
688346 99
360670 96
295140 3
65574 33
458982 11
731858 20
589864 37
371412 85
33020 42
655614 0
295168 5
98561 89
666326 49
688390 88
131341 26
689603 3
393488 61
712517 10
622871 43
885018 61
196892 92
426269 86
491806 6
229665 44
360743 36
98601 19
103816 39
98612 38
33078 94
491832 21
426299 12
753993 51
950605 51
786766 27
590160 59
262481 89
917846 35
295256 74
312718 51
759184 69
262510 47
393584 50
328055 98
688507 32
557440 81
852356 28
197000 94
328073 49
197002 43
65937 19
950675 66
223983 26
754076 53
885149 10
328098 48
950693 52
426406 18
262567 15
295337 16
754095 13
852401 42
10995 61
721333 40
426422 92
393662 39
557503 95
688578 75
262598 32
251297 29
623050 55
393676 67
98766 8
262608 69
655827 62
409678 49
655832 69
852442 20
917986 0
524775 45
819688 31
492 70
655853 3
623089 5
229875 38
426485 67
655868 44
492032 80
950786 96
295427 94
262663 83
557576 39
426507 61
983568 92
82008 92
262674 49
688662 69
764676 43
492066 47
164389 73
426535 17
557609 88
852526 19
387848 40
295476 16
328248 73
570 3
262715 82
426557 56
98882 15
623171 12
131654 19
819297 44
328264 23
33356 94
852560 99
819793 42
459349 29
688726 66
197209 34
66139 22
623201 41
426594 19
392827 69
229994 76
950898 30
262773 46
754299 70
459389 57
76565 53
852618 29
721547 28
754316 71
98957 82
524943 86
950930 98
819860 66
180334 12
557720 81
295577 39
295579 8
66208 69
361123 90
230052 5
819877 0
819878 7
492201 63
852661 0
857546 71
688245 4
197312 16
295621 52
711 23
459471 0
983762 26
197340 18
99040 74
99049 56
885486 41
27432 72
426739 94
197367 50
196735 36
525052 39
269901 23
743085 42
27435 43
983814 23
715564 82
230154 25
361228 15
623380 17
688918 70
623383 92
623384 75
819994 36
721692 78
459557 88
131878 49
590634 36
361267 66
426804 55
24032 66
66358 14
361272 44
820026 76
644575 28
885565 9
394048 48
754499 82
837 42
426822 99
361287 16
166971 77
525138 90
852827 80
164700 19
852830 39
525155 54
951143 61
525161 2
677351 79
66423 59
852858 36
492414 12
715584 99
164747 16
623504 36
2533 20
60227 39
918421 93
983963 58
164771 46
518982 18
918439 32
459689 79
295850 31
838019 66
721844 31
164795 28
787388 56
681988 88
731980 72
918474 70
611065 24
994125 3
918480 58
885714 58
361428 55
590805 66
333305 18
132057 94
99293 36
295907 64
393382 38
459754 2
263152 21
852980 12
230389 21
459770 20
590849 79
689155 45
984069 56
295947 2
656397 32
122241 2
918548 93
552115 82
66582 14
197657 85
459803 14
99360 46
951329 17
623650 91
853027 19
824838 84
984111 41
33840 42
295987 54
754758 69
338785 17
721992 47
33876 10
33881 74
240485 2
132196 35
99429 66
857617 79
885865 27
853098 2
623723 33
917693 9
393406 95
263286 65
99448 8
263289 95
361594 67
99452 50
425579 99
754820 57
427142 96
1162 28
296082 91
797550 83
820374 10
459931 39
918686 11
820388 75
453489 50
82119 28
132268 4
945010 88
132271 28
901320 47
492728 41
820410 17
197821 13
394433 67
459979 91
492752 11
787665 12
984278 28
885975 45
704719 97
296158 36
1261 72
918767 67
886001 61
1267 61
951543 54
787706 68
263419 53
820476 23
296192 55
197893 75
525576 27
66830 23
492816 21
886034 76
404355 84
296215 38
820512 7
918820 74
328999 93
1321 22
361770 55
820524 18
671965 38
754992 46
886066 35
327902 80
1337 19
202293 60
263488 53
213216 97
820547 84
755012 64
394572 41
918865 2
820566 91
230744 31
296281 88
437135 7
296297 1
525674 30
656750 3
296306 52
628287 29
165248 33
853380 87
951685 12
853382 49
394632 91
492942 99
263572 84
656790 65
656794 95
1435 65
427422 91
361890 51
820650 4
230831 37
787889 41
656818 82
460213 71
591289 26
755131 8
918976 73
132545 6
558531 45
99780 16
525765 46
820683 79
984530 10
198099 51
906831 35
329180 88
525789 61
787935 65
165347 97
230890 43
34288 74
493042 2
558582 90
394744 22
655820 27
296445 19
329214 3
132608 6
394757 22
361991 70
34318 17
951823 75
919058 36
591383 60
1560 6
394777 93
853530 19
296475 93
656925 77
1566 92
360709 45
525857 15
99875 50
755236 83
230951 3
919080 24
99881 88
296490 12
558636 59
394800 81
427569 33
656946 19
427572 82
788022 1
890463 41
890464 7
460356 34
165450 52
113531 95
329295 98
656976 6
689748 37
398948 73
311567 16
853599 99
755297 63
984674 18
427619 51
853604 95
317030 17
725656 67
165486 13
886386 91
1651 72
165501 9
198270 76
34431 56
657028 65
147734 46
329351 96
262423 4
67216 49
951953 65
296595 58
99992 20
329369 58
689818 42
263838 49
100000 59
427681 1
147739 72
198308 0
100009 84
67243 92
657069 14
722611 69
427702 99
198327 20
267892 98
394944 51
329415 54
591569 25
820946 41
1747 62
820953 89
34522 73
67291 68
657121 50
34532 47
1765 70
722665 29
442663 10
329452 26
1773 5
267901 14
1781 93
165624 90
34553 39
689921 58
689929 5
67343 50
362256 82
558868 17
165665 64
493348 48
788265 90
788266 32
788268 99
460592 92
296753 97
795495 26
853812 84
1845 92
100151 83
198460 16
100158 39
278837 59
919363 44
624457 8
755532 74
493389 72
853845 99
722776 4
624473 52
1887 67
657248 33
657252 55
919401 56
34670 89
886639 54
296821 94
666601 13
722808 92
427898 61
599094 40
755584 62
132995 16
34697 1
526219 41
994285 9
231315 56
526228 40
821141 10
559000 60
788382 62
1951 70
165792 82
133030 44
231336 75
329641 68
853931 74
395182 68
427951 17
296884 73
722872 36
919482 96
100285 86
395199 81
67520 48
362443 95
231372 29
133073 9
264150 65
919519 5
133088 71
952294 39
395241 90
657390 19
821236 54
67575 11
404480 13
526338 90
559108 79
428038 86
821255 13
100363 57
329741 68
38573 82
198674 2
821267 31
886805 21
362518 47
329756 90
559134 91
264223 92
296993 51
657446 47
854059 71
722988 63
919606 64
624697 40
919610 74
559164 88
133181 68
988853 69
420875 84
723018 55
156481 34
460881 64
526419 47
591959 89
159376 7
624733 40
559198 30
591973 3
428134 65
513724 79
541031 11
788593 1
67704 82
34938 19
788604 35
67711 70
985217 4
395396 22
952455 38
264329 38
985229 44
403791 47
624796 82
869704 66
395428 78
592038 17
639345 47
198825 81
723114 35
329911 83
821442 45
559305 74
196983 25
297165 86
264405 88
461016 10
821470 37
690400 77
379 50
329956 7
145196 55
133354 64
322551 4
985328 87
493817 78
854266 90
854267 3
919807 48
952577 42
461059 61
461065 49
264460 98
175749 23
821524 2
952598 78
756001 68
461090 43
133411 47
362791 91
985395 25
235230 96
461111 69
28603 84
723264 11
952641 21
887106 43
854344 92
458942 67
461134 76
526672 62
231763 6
919900 83
526688 30
2406 53
330088 37
428394 4
756079 86
362864 32
526705 98
821626 71
625021 18
952706 62
952708 90
461189 82
821638 99
863297 56
657804 61
231824 96
264593 51
35219 99
410009 29
821661 30
690592 91
657825 62
199082 44
919982 86
683080 93
704926 77
920000 32
35265 14
690628 75
2502 83
395721 48
428491 18
33186 65
756174 7
559576 99
297435 6
920031 88
562016 58
461284 81
395749 27
920038 16
952810 55
297453 37
737704 65
723443 18
788980 90
166391 2
428536 45
231931 11
264702 37
985600 27
100868 37
912470 58
428552 86
121201 5
920081 71
723478 76
690714 20
952859 40
231965 52
68126 7
68132 49
363050 33
951552 60
371805 11
959190 7
35383 47
68152 46
494140 32
559677 84
264767 98
952902 9
330313 93
232016 93
552035 37
592475 11
2656 87
133734 40
166504 81
297585 97
68214 30
2688 67
297604 69
166533 48
410049 88
35476 57
2709 36
363161 20
887461 92
985768 7
120604 63
68266 83
199339 0
101041 27
789173 9
821943 65
363193 55
723645 20
461505 98
557516 21
68298 15
953039 94
395985 0
756435 33
2774 84
928889 32
2781 44
297694 58
953057 56
723684 5
494309 18
821991 96
68328 12
35562 69
644903 38
199404 84
142461 87
590291 5
461562 18
68356 80
312157 24
527114 69
101134 0
544343 59
552206 93
633987 2
822037 76
396063 33
76934 4
2862 21
330543 65
199474 92
35637 43
677684 57
920378 5
428860 2
428863 50
527169 61
2882 49
985928 10
115170 2
723790 86
265039 64
265040 69
133974 29
265047 81
461656 4
920409 24
756570 86
723804 34
494429 93
854880 75
887649 8
330594 16
756579 98
16870 93
396135 8
789352 28
330601 9
492007 70
330606 48
68464 37
199537 92
527218 10
461683 79
950472 29
789376 97
134017 97
166786 69
101251 57
702048 61
68497 52
396180 84
920470 48
461720 11
60570 72
134046 8
101279 27
134051 78
71494 93
854962 91
101299 81
494520 19
68538 9
691131 82
153418 87
166848 23
696241 97
592834 52
213880 22
429000 89
760618 28
822222 29
920532 19
170317 81
199642 73
363495 7
257608 68
3049 12
723952 14
920562 66
560122 84
3068 28
396290 77
781483 91
166917 37
855048 93
855051 37
35858 11
101395 99
3097 98
330778 18
363547 55
101405 72
101406 52
789539 52
691239 81
527402 15
721415 59
625710 14
983560 18
756786 86
756787 33
134196 58
265271 45
625721 47
560187 50
232508 71
68671 77
232513 84
3138 67
68676 69
3142 89
232519 58
658505 79
35918 87
429139 70
560218 26
822363 32
617658 44
953440 39
330850 83
560228 40
232551 48
101484 55
68718 14
560241 9
691315 0
887931 73
887937 12
232579 21
429191 83
232585 82
134285 47
167059 55
691353 85
3230 67
298145 20
461986 88
134311 62
68779 85
953516 27
658608 12
920755 96
36023 51
49695 36
199875 59
355073 18
134348 62
724173 41
724175 31
363729 56
494804 24
691417 72
593118 55
338360 66
724196 83
396522 75
888061 18
101634 77
757004 90
68878 5
527635 45
462102 28
724247 0
19752 22
527656 77
953648 55
363829 71
822584 17
134459 43
560446 32
363839 16
331074 67
331076 90
666849 67
265550 85
265557 84
986454 75
593241 99
724314 26
232797 33
628624 70
36195 0
68966 9
494951 57
3434 34
688701 21
494961 20
724338 67
462196 50
593272 96
626043 55
797930 63
888192 66
167298 59
724359 93
543498 58
920971 2
224493 67
683163 88
593301 6
560534 49
757145 56
920987 10
396707 13
986532 89
298408 57
298411 10
339186 20
819784 98
724403 22
724405 34
462265 90
36282 98
363970 35
363971 38
265668 15
822731 21
363983 34
593371 57
36320 82
757217 12
233620 81
93435 59
232936 60
396778 39
626156 8
232943 60
331248 44
69106 47
757236 26
626169 86
855546 77
560638 9
6134 32
593415 75
583874 40
560650 61
757364 22
557657 44
888345 78
232987 83
167456 0
989104 65
921122 48
888361 52
396843 24
626222 80
495151 74
462384 54
593457 3
134706 85
462393 54
3643 21
822844 22
790080 60
167489 64
953923 11
757319 68
331337 47
626250 27
396881 97
666894 66
552208 86
77073 82
298600 18
757353 89
527981 3
462446 92
953971 24
659060 30
495223 35
167547 18
331388 84
36478 75
921216 28
855688 75
659084 7
691853 34
102033 87
11545 46
462488 53
986777 11
265885 36
748827 74
396967 14
200360 36
593577 37
954028 88
364206 53
3763 61
331448 69
200378 61
265918 7
3777 58
167618 32
134851 84
659144 92
560845 14
331473 53
464846 88
495320 16
462554 43
855771 88
397022 10
888546 75
593641 71
659179 68
265965 52
823024 32
790257 52
462578 60
823032 33
462585 81
102138 76
429824 69
724737 30
266009 9
692001 36
102182 19
800037 90
757546 67
921387 77
331564 16
167725 22
823095 88
659258 61
918154 2
298815 99
921411 49
364358 61
921417 43
986957 58
954191 20
954192 73
429906 91
331607 39
284644 74
429918 69
757599 78
986976 21
692065 9
266085 40
888678 56
200555 39
650557 53
102258 2
364403 48
462708 24
987005 73
757631 89
266114 79
692105 68
492184 37
397205 43
200602 32
626587 10
191813 96
987040 97
987041 33
593833 34
561066 27
823211 43
626605 26
888751 87
561075 49
266164 20
233398 58
430008 39
855993 60
823231 1
561088 40
757699 44
495556 50
987077 91
692170 47
497655 47
770722 8
954323 26
137211 8
626660 30
724968 7
858109 75
233456 35
397297 84
888819 94
713185 83
823295 33
331779 4
167940 14
71681 82
790539 47
856078 67
200720 36
725012 88
495639 90
561182 30
314336 93
36904 49
888878 72
364593 67
148147 39
856132 98
888901 18
823371 22
168014 94
987215 4
331857 17
495698 53
69719 15
102490 18
677903 28
139804 63
725087 80
856160 39
495717 61
168038 77
430186 89
954475 9
954479 18
117982 98
331889 24
921715 22
233589 99
69754 3
590527 13
397436 79
397437 33
888958 20
200838 93
200840 74
257388 50
836290 53
430222 71
495760 59
846858 41
135316 96
331925 93
266399 81
4259 47
102569 8
725163 1
594094 98
4274 33
69811 54
102589 7
37059 58
790727 69
331980 72
37071 47
495826 26
331992 50
561371 74
921820 40
673371 13
168170 50
102637 34
495857 15
921848 40
594169 25
28031 61
856316 12
49877 36
397570 87
659716 45
856328 76
200971 80
528652 33
69902 45
921872 60
266514 38
725270 35
37144 82
594201 31
364831 18
907312 39
889124 55
885468 84
168235 51
430380 38
528696 82
677940 2
4412 66
168253 87
135486 11
284725 16
397632 64
266565 70
364883 84
201046 50
430425 27
463197 64
332132 93
659814 23
233832 70
528757 84
102778 99
364924 17
987518 54
889216 52
758157 12
561550 50
954767 48
430482 36
120899 68
303484 0
758170 43
758171 79
496034 10
496035 9
987562 67
561584 29
496053 67
823742 95
869109 95
135620 92
692679 38
70088 55
233929 37
233931 51
594384 36
798115 98
299478 27
332249 52
692699 77
37342 85
594399 53
299489 38
594402 90
70115 84
37350 7
987623 73
725487 48
397811 38
659959 99
627192 47
70139 30
823806 56
201218 99
659971 70
201220 76
332294 19
758279 95
561673 0
201226 36
823822 18
299535 81
496147 46
102932 93
266777 52
829413 78
862147 33
561696 25
725543 61
889389 41
889394 94
55390 6
777 30
102969 28
561726 6
365119 20
954950 98
295692 53
791114 11
299596 54
791117 20
70226 96
758359 23
397913 22
987739 11
135774 43
758368 20
280577 59
70246 83
135784 81
168553 46
922221 5
954990 33
135792 87
397940 43
191934 30
168566 21
39017 65
266872 9
365179 66
168578 57
856707 53
103052 14
234129 41
266898 3
856723 92
660117 94
4760 78
758426 89
660125 63
365221 93
889510 57
889514 46
365228 87
791217 17
37560 94
168638 91
266943 84
365249 98
70338 69
398020 48
332487 6
496330 18
791243 83
791244 65
627405 22
234191 55
234193 86
450797 99
398038 7
496343 80
922331 32
88187 63
135909 26
692973 89
725743 99
266993 42
692981 45
234235 8
164650 80
955134 90
824071 23
814551 68
267020 85
103181 26
660241 20
627479 24
889626 42
267039 6
693035 7
398126 88
567551 2
627505 29
541491 23
716254 67
725814 85
594748 61
856895 75
430917 58
627528 34
299852 84
299862 28
627543 9
37724 1
37728 94
430946 9
234340 37
791398 87
725877 57
234358 66
398199 75
299899 53
594815 9
70530 85
594819 85
988041 6
267147 10
5006 80
398229 15
5026 64
70565 53
988078 23
955314 29
136118 77
398267 23
824252 83
496573 85
660414 38
988098 14
398278 85
776353 22
988105 86
529365 18
693214 85
845795 89
725986 58
486907 68
470524 95
889837 34
398318 24
594927 89
234480 85
168946 96
136179 0
201727 16
168965 38
142849 81
594954 45
431115 19
922638 6
562196 88
267285 28
496668 4
136227 41
37925 36
300072 62
770908 44
267307 68
37935 32
136240 29
71859 98
103482 21
234555 18
881007 21
889919 1
201792 3
955461 13
857158 72
857160 18
431179 15
660558 44
70736 56
463957 6
136281 67
529499 99
300126 37
398431 65
267361 61
857187 73
791652 39
529509 12
332904 45
398441 59
660588 65
824437 26
70775 70
956607 70
431229 69
562302 27
693380 78
431237 78
365704 57
529548 75
562325 97
857238 96
332951 21
890009 76
562331 1
791708 9
5277 39
464033 60
693412 22
496808 82
234669 30
660656 34
103611 7
38080 81
627905 82
103619 60
431305 34
201931 70
365777 62
273955 42
333012 27
234711 60
431321 6
562394 85
890077 85
890080 13
70881 65
431330 84
955621 77
922858 64
333043 31
201973 85
857334 39
955639 50
38153 21
267535 62
464145 24
119113 5
431391 53
425792 48
365860 19
618851 47
234796 20
267570 50
20912 90
660788 28
136501 58
988474 14
661727 94
759101 88
267584 99
791879 25
398665 86
398666 39
650807 23
365900 60
693581 49
857425 82
857426 39
38229 80
38230 73
464220 62
922973 54
234848 17
689041 77
431465 84
726378 68
365937 61
955765 56
365942 60
562551 85
628088 26
932008 66
365954 88
398724 38
955784 45
955785 10
759180 32
529806 44
660880 2
562581 71
431517 89
431520 78
988578 0
431527 42
103851 60
562606 37
234929 5
312222 6
465140 38
71102 79
267716 68
235766 58
660938 42
595404 96
988624 4
792017 17
169426 28
71123 2
595413 92
595418 31
267740 7
71141 60
497132 28
693749 40
820137 81
401723 45
366074 46
300539 23
955902 75
781909 44
529925 44
267782 7
595464 48
759310 45
487923 25
497168 51
169489 61
202261 85
366116 72
5671 52
202280 53
529962 36
88328 37
792116 31
667230 48
955958 37
988732 54
103997 71
398911 88
333383 77
267856 34
136788 57
497237 35
726615 68
890459 3
71260 24
824927 37
693856 5
235792 84
824932 18
104042 10
857707 32
923244 75
464499 75
792180 42
464509 52
693888 61
497285 20
890506 62
136845 98
661135 8
726681 60
628379 61
726687 58
300705 43
366243 31
71332 81
607174 6
661158 73
825001 31
300717 78
857776 13
257700 60
71349 67
300726 13
497336 2
300739 69
988869 67
988870 72
224887 7
988876 78
661201 71
71380 69
562901 56
726743 69
923352 79
431834 67
136923 3
38622 3
530144 54
257660 24
230354 0
988910 10
726767 36
252200 43
5875 39
202484 33
530165 25
399098 37
492501 99
399108 77
759557 60
661268 95
366357 38
890646 13
497439 2
595746 79
202532 56
235302 42
137001 80
5935 42
366384 92
39219 39
175753 29
595775 34
366403 30
563012 53
857926 47
137034 22
290445 91
202576 62
431955 53
44686 77
268119 33
726873 96
71517 33
38753 83
956259 44
38759 57
923496 66
235371 47
399677 92
104319 45
792449 95
202628 0
38790 99
104330 46
661390 94
989072 58
595860 82
268181 26
235414 93
661400 87
890791 70
137130 92
710983 72
902130 45
202670 5
333744 3
202674 57
530355 58
268213 15
858038 14
628663 47
333754 99
71612 98
104385 75
104386 61
169928 45
726987 12
366542 99
6095 54
104409 20
530395 84
361466 37
595935 11
825313 26
890853 24
71658 80
595948 33
792562 16
923637 32
759798 53
202743 46
530427 90
530429 20
961490 96
989185 76
427009 71
432136 53
563211 91
38930 27
164867 46
956436 69
222117 49
399382 18
530456 48
399389 11
759838 94
301097 55
530477 32
497713 4
825395 26
497716 91
464949 35
497718 38
476169 79
989243 56
202812 15
301118 16
890944 26
38977 78
792645 24
235891 74
328717 10
530517 89
530520 82
497755 2
257722 92
989279 52
235618 6
530533 87
104553 18
137331 21
432245 72
104566 22
530556 20
202879 47
727172 31
137351 22
858254 31
301203 3
71830 20
530586 55
858269 97
397381 99
39074 3
689179 61
497829 71
530598 96
530599 46
628905 75
923820 60
399533 1
923824 61
417022 50
727219 82
399542 18
366775 99
596152 88
825533 53
989374 27
104639 75
787488 34
858311 73
399563 17
202961 35
301269 4
825559 89
792792 37
235738 62
465118 91
71903 76
6369 12
694499 20
334057 52
923883 31
563438 99
792819 5
334068 92
364650 27
202998 69
432382 85
170241 79
694532 95
792840 74
71945 79
629002 51
989456 61
760081 11
596355 42
530710 83
694552 10
824017 92
402841 46
989475 81
923944 44
465193 17
383367 17
203053 30
203054 25
831197 78
135342 72
923955 1
727351 87
760124 78
989501 58
956735 19
366915 34
793944 89
891209 18
170314 29
203085 46
956750 89
465232 64
858450 95
6483 79
72020 72
563545 60
858465 5
727397 31
563558 27
661865 55
498032 60
366961 31
530802 26
760179 73
17675 30
629117 29
137598 83
137601 25
39299 60
792976 59
104849 71
891282 24
39317 29
432534 55
989594 12
235941 16
530855 16
793005 6
235952 93
235957 30
72126 88
39361 4
596418 54
694727 60
432586 14
235982 10
39375 89
989649 97
275185 71
858599 52
858600 67
334317 0
814845 10
236017 66
727538 60
115795 7
345851 53
6650 89
72191 80
301571 27
236039 50
72200 43
465417 25
137738 26
236044 61
104973 56
760335 45
760336 0
432661 44
858647 67
727578 35
924191 69
312411 97
563749 8
6700 17
760367 43
924212 4
432693 94
301626 54
170555 45
367164 11
825917 76
563775 32
694850 35
472683 37
6725 5
432712 70
268879 0
236112 23
989777 70
268882 98
760403 35
957012 98
596566 6
334424 77
924249 83
727643 90
334428 84
39518 25
170592 17
170597 39
367207 41
498284 43
268910 40
6769 91
563828 72
596598 48
132201 5
531073 51
760450 95
66667 18
137862 79
793223 97
83052 44
989837 81
170646 6
629399 0
432793 39
596640 35
137893 82
957097 25
72364 54
563887 54
367286 1
203448 24
662205 25
957118 65
989888 41
613443 29
105159 88
269000 77
891601 44
629458 26
891605 97
727768 77
6874 65
891343 9
849594 57
72420 31
596709 53
383441 78
695016 95
629483 76
695022 49
989935 82
924410 48
988385 25
629502 10
269061 65
203526 95
170761 61
629517 2
236302 3
793359 66
924433 81
629526 91
662298 30
732975 82
498460 20
138013 19
564002 98
924123 30
623750 71
727848 81
236329 16
989994 50
531243 7
826158 56
334642 73
564019 4
793396 10
203579 97
858947 36
629574 46
990025 97
973284 82
17551 82
105308 77
531293 9
105310 89
760675 59
760676 8
236389 69
72553 48
793063 15
858989 16
7022 93
891765 28
236411 67
760703 25
465793 19
433026 85
564101 32
236424 76
72585 43
269195 61
6637 6
891793 78
269207 85
859041 67
465830 41
138151 1
39848 49
629673 48
105396 20
234829 30
695223 11
72634 26
170939 59
662465 23
990146 93
222827 45
465862 69
891849 47
7115 9
826316 69
826318 88
367567 6
465883 78
891868 70
7135 57
859105 9
859110 65
367593 53
7147 37
924652 78
924659 56
367606 88
531453 21
105473 92
378027 24
891909 42
433158 45
159576 54
924697 75
597018 10
83119 17
760861 30
662558 39
760863 51
105504 48
367649 55
175964 53
662571 74
433202 2
564276 96
531509 88
465984 37
859204 56
400453 44
7239 57
269384 72
449036 86
924748 41
859213 31
629841 25
760914 13
859219 2
728152 80
793689 71
433247 56
40032 3
236641 88
203874 78
119175 32
826476 50
957549 39
990319 54
531572 73
334966 59
957563 20
171138 65
165057 33
771672 61
269455 82
367764 94
892054 25
683291 92
400537 87
302234 85
732392 88
335014 40
531623 46
826537 59
531626 83
171181 66
171184 11
957619 42
405364 10
629947 90
153003 63
728254 35
695487 92
203975 98
400584 53
957653 9
968078 73
367831 43
597212 26
695517 55
793125 94
328912 21
192379 66
269541 9
466153 93
72261 30
105714 28
40182 32
269559 54
728314 16
433403 6
793852 47
367869 69
564479 27
761088 57
176000 14
236805 11
662793 56
1239 79
138509 49
269585 60
695575 18
72987 19
105756 26
72989 8
957726 42
204065 19
957738 3
269612 23
662829 26
412696 41
437792 30
7484 77
825909 79
597316 13
269640 99
400723 3
7508 54
339854 51
40280 42
499034 47
618383 57
40288 65
957798 21
892266 6
826737 95
634771 79
367988 94
630134 87
998431 97
40312 74
957817 67
138618 42
859515 97
695677 15
40320 44
826754 13
7572 63
499093 36
466331 84
531871 36
302496 93
892327 68
695720 93
630185 97
564650 28
662956 44
892337 69
40370 19
143262 0
957884 56
728509 3
400830 50
662975 17
269761 97
121419 97
826822 83
826823 35
269771 94
138705 58
105941 45
269782 81
630232 18
88655 94
990685 47
761311 92
138728 67
761321 5
859628 33
892400 31
105976 80
563796 65
204286 41
40448 66
7681 87
859651 43
826888 51
499209 72
171530 12
597518 66
859663 77
236120 86
400915 38
106007 91
663067 84
491265 11
499229 46
138785 32
892450 39
957989 16
925222 82
532018 41
925235 15
335414 3
794168 50
651188 19
466491 99
138813 46
138815 7
499266 77
204355 71
597578 78
761419 78
630349 17
892495 86
859729 90
499282 90
40537 10
749499 7
663143 48
958057 51
335470 37
66835 89
852432 27
892533 72
470976 30
827012 88
597638 64
984343 42
990867 39
630420 7
663191 61
774963 96
695965 67
925344 94
88433 46
990886 36
302767 26
827060 72
958137 5
892605 64
925378 29
138949 95
237258 23
204494 88
958164 77
302810 64
302817 83
204515 47
728807 56
400708 52
696046 16
204530 26
958196 51
663293 87
45013 41
980099 43
827143 33
728846 52
368403 40
499478 30
7959 83
106265 60
40732 9
139039 80
433952 22
558384 34
925484 15
630573 64
258013 21
335667 20
335669 0
925495 37
805520 23
991035 94
630588 41
335683 85
958276 98
401221 54
466758 74
106312 5
171851 83
368461 8
400013 2
139090 34
73557 61
208868 42
958300 44
719322 28
547473 0
171880 59
258023 9
860017 79
663410 57
991092 75
106358 8
139127 92
8056 49
368506 38
542015 65
302973 23
434047 91
401285 57
8070 16
434057 50
434062 96
466831 14
8085 57
597920 89
991141 56
237479 45
565162 37
171947 1
40877 7
434095 34
106417 70
696253 82
8126 23
958400 59
466881 40
401350 11
761800 18
958410 15
237516 12
827341 79
499662 0
827344 2
794578 82
991190 71
88740 48
761819 47
944099 76
892897 49
137754 93
929787 29
711334 55
172008 36
270313 9
139242 35
172014 32
360345 24
696305 24
958456 75
950647 67
630788 35
815347 35
531116 97
335882 27
827408 12
958482 54
630803 72
73749 76
139290 57
892955 23
466973 93
532510 91
598050 74
696363 20
8240 73
454664 50
434227 79
8244 50
499767 7
598072 7
270399 10
237633 8
663618 36
41034 27
565324 94
761934 19
467023 50
729172 29
565337 65
532580 87
729197 42
499823 64
41074 60
700435 26
729206 47
532602 64
598144 96
8321 23
368770 37
8323 49
401540 80
499845 93
499854 78
893076 81
860317 41
368802 26
88774 91
762027 27
762033 66
368819 44
762036 8
565429 32
991416 85
651296 29
663746 92
8387 22
336076 77
893138 42
205013 6
827607 70
598235 60
794847 50
827616 57
827617 65
893157 37
663782 50
467176 8
139497 59
565484 9
432850 28
762094 7
991473 6
401655 39
925944 26
172287 72
368899 73
860420 0
925957 39
729350 95
958727 41
532751 61
237842 65
8478 76
500003 81
663845 99
303398 63
467241 10
8491 12
401708 60
500014 70
303410 84
827707 91
729406 1
8512 91
336194 69
860484 7
565574 51
631115 34
237900 3
893263 79
532821 99
646233 99
958807 85
139608 96
41308 4
205149 95
860513 55
607633 55
893288 58
8553 94
237931 92
696686 61
893301 29
74102 77
926076 42
795006 46
74113 87
631172 67
270727 71
369032 97
696717 59
270734 98
795026 72
237971 36
369047 9
369053 98
815126 0
631201 0
74149 41
991655 52
455288 94
926124 66
139698 2
172468 70
172470 15
631223 19
172473 7
592771 88
434621 32
565700 87
401862 31
401866 16
631249 24
860628 35
270805 13
205270 94
631258 74
631261 20
631265 48
270819 92
893413 13
795110 27
860651 3
860656 99
41457 24
270838 79
270840 86
974867 25
631294 90
509355 21
270852 76
762373 68
270854 65
467465 54
893451 86
139789 5
795150 25
107023 49
270867 71
926236 3
270879 5
270880 58
926241 19
696869 11
1457 34
205354 69
107052 95
729646 32
926257 83
533045 26
893497 89
500282 20
598587 2
139839 68
172612 64
664133 12
696906 56
533067 90
41549 25
139854 28
139861 96
336477 69
139876 15
110695 59
8812 3
303725 79
369262 7
598639 3
369267 89
17854 40
12393 80
664184 97
598653 44
17856 89
860805 22
631438 28
893587 37
696987 36
762532 16
467625 22
766066 84
533167 0
434864 86
598705 80
303795 95
533172 97
565941 28
500411 68
795326 3
467647 35
172736 19
828100 38
959173 93
303815 69
959179 74
729805 78
729807 89
238288 39
795347 54
762582 41
729819 19
787002 61
533226 17
500460 61
706002 45
959214 21
585853 55
566001 66
605875 73
531241 37
631545 54
795389 10
631557 93
172806 92
74504 5
842540 49
557866 54
336653 78
631568 85
8981 80
697110 87
140057 99
992028 85
664355 55
303912 21
172841 90
795435 3
697132 71
369454 59
394717 93
336688 29
598835 63
303924 44
533307 22
271165 4
729918 98
107329 6
369475 37
762696 58
697167 32
853475 40
41812 5
749710 21
729942 98
992091 2
205661 2
664414 17
533344 18
435043 57
598884 78
74599 92
948494 51
140148 42
402296 32
992125 37
913557 85
959361 87
435076 32
762759 83
598928 36
697233 32
566164 16
828312 58
697243 53
893856 67
664482 95
74662 37
172967 40
631726 6
271282 60
369587 35
893876 58
140213 26
500663 55
304061 89
959427 97
64912 7
60317 73
467916 9
664528 75
369623 85
173017 73
402394 17
9180 90
304097 26
173027 52
205796 67
467950 52
140271 47
74737 59
992243 2
72321 8
516411 15
443904 3
435206 47
107528 96
271370 50
533523 16
926742 9
42007 37
992282 0
861211 45
383834 40
140318 73
973659 28
631846 75
795688 79
301916 64
107562 37
592792 64
697395 49
402485 25
468022 23
533563 92
430214 41
205887 72
828480 51
992322 0
42054 86
238664 45
205911 29
271448 23
992345 18
828506 10
631899 21
926812 4
958322 66
697448 55
697449 73
74861 52
599153 39
435314 16
271480 12
402554 32
238715 56
795774 68
369796 71
828554 51
961597 47
122518 2
861327 7
730256 7
42131 19
763030 58
795802 92
205985 47
664738 35
435363 26
468133 31
995527 47
828588 92
631984 43
107701 74
599227 65
992445 92
763072 41
500930 17
369859 38
271557 73
435400 5
399667 54
986695 31
500940 11
730318 50
206034 86
820772 95
697562 14
533724 16
861406 28
42210 3
435432 74
566505 3
894186 82
632043 32
500972 81
828653 11
959727 84
861424 43
566514 81
894196 54
992503 3
533753 27
599291 15
165418 15
664833 67
553174 56
730375 18
533768 90
263724 0
566540 1
402703 69
435472 63
206098 56
533782 16
9495 66
284010 42
992543 55
173806 17
566562 14
337194 18
501038 32
533814 67
173371 64
533820 80
435519 59
697664 43
697666 95
72587 40
861509 27
664903 53
206157 35
894288 59
140631 36
730457 43
271706 97
763227 78
566620 67
75102 74
667877 82
370018 93
861539 75
913639 52
370036 26
632182 49
796024 28
42364 32
370045 73
337279 17
796033 31
697731 88
664965 98
796041 62
828810 67
927116 71
140688 85
737924 34
664979 47
684270 19
370071 35
402840 3
820804 48
140699 1
435612 73
304543 31
763299 99
894375 73
665001 47
42410 6
405746 87
599470 64
304560 92
779388 85
75187 28
75188 76
665014 74
435640 0
894393 75
315658 46
173499 0
370113 13
468418 37
271812 83
894407 42
566728 62
815351 6
206284 90
402896 32
54879 10
37421 24
599526 32
763367 30
42472 22
992745 17
337387 86
798973 3
236456 59
304629 57
239094 29
140792 94
427604 58
534014 74
501248 70
730631 18
566793 30
108042 74
927245 63
894479 45
181848 31
632341 5
796184 33
42524 6
337437 31
9759 26
730659 95
435748 65
468517 64
304678 24
927272 46
992810 40
402987 31
667912 26
763442 3
75317 79
370232 16
599610 61
992829 29
75334 36
67169 26
140872 1
435785 83
763466 52
796236 65
337492 13
337493 23
599641 88
782667 71
370268 72
665183 67
140899 30
960100 18
632432 63
271985 14
370292 3
468598 94
960119 84
913684 89
632448 58
272005 74
403078 42
304777 42
108174 71
927379 70
501400 48
908229 24
632482 7
992933 64
140968 21
501421 94
960176 64
927409 66
665266 46
42685 13
370370 79
108237 56
534225 98
848163 50
337621 32
566998 15
730839 81
272088 13
763609 44
304866 6
861925 97
206566 32
272105 91
173804 66
599790 54
984701 9
337651 56
149118 77
599801 78
173818 22
272124 8
993027 28
9988 9
730892 35
42765 43
730894 80
796433 4
272146 22
927507 61
739028 13
206616 31
42777 7
206618 53
75547 81
744410 39
591726 74
400348 14
173867 76
763695 61
75571 3
960309 9
436030 45
403268 90
599880 70
272201 68
304973 73
993106 34
508312 7
829277 92
42847 84
280208 13
730982 87
337767 36
239474 60
894836 73
815422 56
436086 81
436093 26
370561 97
567172 91
829318 33
206729 80
862091 47
796557 82
599953 46
960407 61
75672 77
501669 77
305062 31
599976 82
713937 15
173995 45
427678 64
829372 72
698302 83
436160 2
468931 21
809974 55
591521 52
632787 27
698330 47
632795 89
698332 81
829407 93
534497 80
272357 18
829420 68
927725 34
39933 58
520532 9
632828 14
272382 32
939804 89
501770 58
763919 73
993299 74
206870 78
436247 12
501793 43
604828 1
174119 16
239657 93
108591 76
206903 60
501816 34
632898 11
337988 94
960582 80
108616 88
665673 34
370762 53
665677 52
534607 56
927827 74
829525 19
960601 77
763994 87
239710 11
436324 18
908305 17
338030 33
771774 40
338039 40
534649 42
141436 38
960638 25
487787 52
75908 13
10376 29
796812 25
994365 44
141456 96
239763 37
793625 44
862360 42
632987 96
731299 17
632996 54
141477 23
75945 32
272555 2
862383 9
764081 77
501938 79
108725 29
403638 17
141495 91
43195 75
993474 84
764099 29
469200 85
75985 21
239827 4
829653 83
10456 5
796889 80
731356 6
731358 42
370912 13
895203 44
127357 33
43251 16
862457 49
76029 23
338175 83
928002 16
76040 98
305427 78
76052 54
731415 60
239897 10
141597 15
10528 41
272676 44
796968 95
403755 73
760882 34
370996 43
960822 51
731447 59
275316 18
272702 15
239938 40
731461 40
371014 25
829767 48
76108 80
731471 19
928082 66
239959 53
174425 76
633179 53
403806 63
928097 17
928100 59
239976 33
239977 24
829812 88
960885 8
371072 79
908355 77
76180 22
502167 50
722671 59
567709 35
403870 74
895394 98
633251 30
633257 71
108974 37
469426 77
436664 17
666045 38
731585 4
272836 62
960967 74
862671 80
722681 20
928218 56
666076 48
476922 47
502239 59
76256 87
10723 40
76266 86
891986 82
961006 92
600560 99
338421 59
272895 35
109056 59
633345 44
600581 96
764422 41
469521 89
895509 42
891993 38
535065 56
174620 17
928292 53
797221 86
961064 4
961065 48
895533 39
371246 31
404016 12
830002 53
141877 54
535095 60
698944 64
174661 37
633416 14
797259 92
502349 22
961104 93
567898 87
174690 15
567908 48
76389 42
436840 22
535146 34
698992 63
961137 49
698994 17
600696 70
305788 89
699008 6
404099 75
928388 3
43653 82
961158 76
993927 50
273032 35
89196 50
76426 39
436875 49
43662 62
797329 2
699029 64
404081 69
862874 57
109211 24
371365 80
174760 23
699049 79
178218 10
338613 69
764602 61
928449 54
225739 70
436932 77
633541 85
600775 1
305864 3
764617 59
10954 6
699084 27
502480 55
142034 14
10964 29
373198 76
174806 64
830168 4
263972 38
174819 39
851447 50
928492 37
43758 82
207601 57
764659 19
600823 86
436989 7
43774 64
797442 4
961284 53
994058 76
109323 69
764684 49
568083 62
600853 91
142105 50
502558 41
830240 4
404260 78
305957 52
273198 19
895791 28
568112 28
731955 50
305972 37
830261 53
706356 39
240442 67
504287 9
961340 26
600894 38
76607 69
946656 10
305988 58
633673 5
404298 13
338764 20
371533 81
764750 56
371535 88
404304 30
502610 54
174935 46
600924 51
961376 60
76641 3
273253 75
502631 7
356839 90
109422 32
437103 81
11124 51
273274 96
207747 42
469892 58
142214 86
863111 71
437132 98
240527 3
994194 32
535445 61
437147 8
371614 45
535455 4
11170 38
991118 88
187548 74
338861 70
695453 55
535474 4
338867 10
11192 7
764859 63
568252 60
11198 12
883884 44
371653 3
797639 2
76745 9
830417 54
601042 82
371667 98
568278 72
11226 71
679077 4
207840 30
371684 65
830441 58
732138 65
76781 51
643050 65
502770 22
437235 63
142325 44
830460 35
666624 46
732163 32
444246 69
972572 59
797704 4
175113 24
437264 32
732181 26
633878 53
896023 4
371744 6
830497 11
207906 74
76839 56
706396 86
764970 46
240684 84
994349 34
961587 77
44084 25
699445 68
470070 15
896058 55
437308 85
699453 79
568383 31
699457 37
142404 18
601161 68
797774 29
765021 61
369180 5
502889 25
601203 63
240759 98
339065 29
470141 90
175230 34
830595 51
44165 55
109702 11
424829 3
371850 35
928907 88
470159 71
699540 44
194601 23
208024 48
142489 94
994461 99
896158 71
699558 87
437416 51
830633 18
240810 83
142507 30
175281 46
765114 46
160287 97
666812 37
437437 38
90945 89
11458 50
502984 0
863436 21
666830 78
11474 91
535763 30
634071 43
240857 38
77022 57
11489 23
77027 76
961766 37
994536 89
470250 71
732398 86
732399 25
896242 16
994551 63
634104 79
929022 52
437504 10
503048 64
765196 96
371982 27
994575 25
44305 93
847101 20
535831 30
699673 36
339230 78
961828 95
535846 77
684593 1
372008 3
175402 94
219829 64
700978 79
44336 51
89310 37
961847 22
208187 75
994621 2
979509 98
929090 37
11591 89
404808 67
929100 45
77149 91
509841 50
699752 50
830826 85
896363 32
863596 63
906438 24
493460 11
415017 5
961918 49
925666 5
175490 19
929157 62
601478 66
601480 46
732553 69
175501 98
667025 48
109977 21
404892 33
896413 78
535967 77
765345 64
109986 61
732579 87
372133 8
492981 75
503209 32
208299 53
601522 10
273844 82
765368 32
208320 73
35306 27
994760 31
503242 33
404942 4
798160 92
175569 89
372178 67
798165 58
208342 20
44506 16
306655 12
378790 27
208361 57
142828 78
339438 68
335101 38
208370 11
372212 10
389925 74
460713 11
241144 23
929276 50
306686 98
896513 3
536069 64
896519 46
846018 15
160343 98
405005 23
732688 6
994838 93
699931 58
634398 50
11808 27
635483 78
962084 33
208424 74
732715 98
929332 15
568891 53
634428 95
470589 18
304937 17
732736 86
175685 6
831047 87
11849 68
568912 96
11860 0
339546 31
568923 87
241245 74
503390 13
142946 7
274022 22
470634 15
274029 31
372334 11
175729 15
44659 82
765560 17
536185 48
208511 99
241283 19
44677 64
634505 35
339598 97
700048 75
258670 19
503446 86
306840 42
77465 62
45679 88
339612 25
846023 55
601767 80
831144 4
274089 25
405168 35
667315 49
11965 86
208575 26
995011 48
732868 63
438902 69
962250 10
437966 62
241361 0
962259 83
437973 36
208600 20
896733 41
634595 63
929508 67
863973 40
12009 12
470762 54
995051 91
241395 69
896760 77
110332 47
143104 36
810283 4
470790 22
245905 29
634638 38
503567 50
470800 6
318766 74
853665 37
667426 54
536355 12
12071 97
929579 5
798508 53
12079 74
536370 50
274230 40
438078 93
241472 62
175937 71
208716 94
929616 20
601938 99
339801 50
569180 10
601955 28
569188 60
280550 23
307052 94
896222 16
438132 32
307065 24
733052 23
405373 6
110463 72
700288 10
438149 80
864135 42
601994 10
372622 73
995219 4
798613 12
667545 94
372637 36
372638 85
700319 34
569253 67
831400 90
438187 91
569260 54
307122 26
755700 42
864186 54
405440 23
765907 70
307156 64
470997 65
136799 26
831452 62
45022 74
438239 53
962529 8
274402 16
110563 29
962532 33
679249 79
443407 39
765936 48
864243 60
897012 50
602103 39
968703 89
208896 30
700423 31
77836 10
929806 80
864272 12
77841 25
765971 4
373422 4
471067 50
962595 83
307238 73
798759 30
897066 98
340014 51
864304 99
471089 90
766005 44
307254 67
503863 52
176185 36
798785 34
667715 65
929860 37
154977 67
143432 20
766025 66
831563 11
438968 22
228458 65
176214 54
995415 42
569212 64
34831 64
275130 20
798815 43
105830 52
766055 95
602217 56
362514 25
307311 25
438386 74
372852 22
733301 42
372857 32
503931 35
7530 5
307327 33
351595 43
110727 38
12425 76
176268 16
536719 24
307347 0
536730 16
955153 86
897187 53
515441 32
45224 93
503978 1
602283 53
700588 53
471752 5
143539 40
307380 1
405687 68
236916 44
209082 80
897212 44
897213 11
700612 31
400758 13
165921 31
438475 55
798926 93
531833 5
897250 49
536805 63
995560 47
241900 77
826749 45
667888 47
831730 79
209140 50
504055 33
176380 14
143613 18
602366 7
826752 8
667908 19
23937 93
897288 10
897293 65
930063 94
831766 98
405784 4
733467 15
897310 43
733476 2
378929 45
962867 42
897333 42
504118 35
373048 76
914663 39
422623 62
504125 8
438591 85
831808 59
831812 55
766281 96
930122 72
962891 76
504145 37
307539 93
471381 28
559161 75
438625 28
799079 5
799081 77
897390 18
788541 96
930167 27
995704 84
892309 48
700806 54
831881 80
504204 63
635279 4
176528 89
405906 41
209303 60
45468 18
176543 77
373158 99
930215 94
111029 70
438710 62
318879 44
569788 18
537021 60
274880 0
602565 3
143814 38
766410 24
799182 90
553720 88
627044 91
897494 55
340447 48
733668 47
963045 89
12775 73
12784 3
78324 24
253568 19
373248 20
417195 68
373256 79
859564 18
242188 42
897553 84
12821 38
930328 22
438811 1
471589 68
766504 66
45612 34
700973 90
209455 75
832048 16
799282 31
897588 87
963127 62
537151 61
393235 1
373322 78
143949 83
553741 76
804963 3
209493 37
406107 79
45661 64
799332 57
143976 53
504426 95
373358 60
537199 94
995952 26
307826 33
242292 19
963190 14
471671 36
733816 31
930580 99
864891 39
307836 63
799363 18
209552 82
630013 79
471710 93
799400 38
761287 49
45740 67
897710 90
133550 12
144056 11
537274 59
668347 38
333227 77
111294 14
766655 57
163011 31
930504 30
242377 22
504528 29
602836 35
668378 80
504542 4
111327 73
439010 66
111332 73
439024 16
996081 4
439027 66
537337 92
78588 6
964203 37
570113 12
504579 5
477314 66
504592 60
176913 37
668435 65
144148 14
766744 29
439066 6
176927 36
347415 80
701220 63
570149 78
657543 44
946995 80
166025 60
996156 88
581088 49
406340 16
406343 11
209743 51
799573 8
575631 98
832351 77
734048 98
242530 62
766822 20
996200 94
406377 95
242538 3
602987 83
78702 84
570228 76
865144 37
734081 23
865161 43
308114 41
95043 14
177045 61
13209 98
111514 64
668581 33
668584 85
635817 19
45994 46
406446 97
275375 46
799666 28
78774 37
340919 84
46008 93
373693 30
406464 22
46022 39
182433 4
111560 20
111565 40
111566 8
504784 95
472018 25
603091 51
701400 65
734173 79
865248 79
996326 99
865256 48
799722 74
439275 31
472045 9
308207 65
930808 74
898042 75
177147 27
832510 77
668672 26
209921 4
570371 29
46088 22
78861 79
406543 54
275476 13
930838 62
570391 86
570395 64
78878 87
341023 59
832548 2
373800 78
13355 0
406575 6
832560 49
46136 53
111673 32
531978 14
406590 14
767044 85
209989 7
472134 63
422753 26
373834 16
111691 84
439372 45
799825 3
603218 84
242778 26
930910 14
570466 44
608443 51
799844 65
439397 35
996456 31
13418 96
537712 20
668787 66
439413 9
701558 25
898169 17
177274 78
865405 32
373889 2
275595 26
636046 72
46225 30
79002 41
799904 56
210085 15
603302 60
865447 95
996520 38
13482 76
799920 26
636081 16
832372 61
472250 46
46268 78
963773 63
472254 55
275651 57
603336 1
931025 55
309240 43
931032 81
439520 9
603362 87
865510 35
668904 82
603374 14
668919 0
275705 57
346325 15
505091 79
29569 33
46346 52
406800 22
329944 16
374035 88
308500 43
767253 25
210199 2
151320 26
210204 33
996645 15
898344 36
800043 16
717704 81
177458 79
13619 36
144694 79
242999 72
537912 6
963899 21
275774 0
898370 4
374083 33
210246 17
453273 56
374089 74
505166 22
767313 51
800089 19
439647 4
800097 53
374118 0
701800 93
46442 27
209810 20
40509 59
406899 97
898421 46
898423 95
826943 50
898428 13
963965 22
529654 18
669058 62
341391 72
963985 39
636306 24
728643 34
577077 44
243094 42
46494 37
308642 2
964007 72
472492 26
964024 98
674036 83
603578 76
636354 91
570820 89
112075 5
112076 7
177614 64
701903 81
505297 60
603603 6
570837 68
341464 65
800217 60
636380 13
821498 12
13790 76
275936 71
79329 87
568938 82
13801 51
79340 91
374254 78
669171 18
341493 70
767480 27
964092 80
505342 46
767488 22
701954 24
243210 11
898571 84
701971 16
931359 36
701984 95
13858 90
286299 49
243237 75
964134 87
243241 10
833074 84
13879 67
833083 96
46653 90
177728 18
996930 69
210500 90
341575 76
374348 17
144973 95
538196 0
112213 82
521145 46
374360 1
505435 99
276062 35
669280 24
439906 60
439909 42
767591 41
341608 5
553916 2
439914 82
800363 36
276076 92
276077 22
46013 62
439920 32
702066 57
931443 91
210552 34
603770 37
276091 47
276096 69
854294 73
505479 71
603784 91
13962 46
243339 93
374412 37
79501 48
112274 48
341651 69
767637 59
46742 89
390084 82
243354 1
308892 29
636581 20
79529 52
997035 33
276140 43
308909 51
276142 8
794227 36
177846 59
997048 56
571065 43
341692 70
198945 75
145099 85
35106 44
46798 49
669394 68
669396 10
676968 42
243419 33
440033 63
77938 67
571110 13
407275 59
800496 52
571126 12
95397 69
997127 84
538376 41
14090 46
210699 11
636685 77
702225 18
735002 74
538395 83
767775 23
969008 63
210723 39
538406 22
407336 29
735020 13
407343 95
898867 2
931640 94
931641 37
145212 0
800575 86
374593 93
969014 57
800600 2
341855 29
604003 14
243556 96
800613 78
669547 91
964463 23
145264 96
833394 16
866163 28
742058 72
505725 21
341891 50
604037 81
735110 90
210825 51
472971 66
276364 67
341901 87
472984 94
636826 95
833439 31
440225 38
604067 12
47016 90
669612 0
767919 62
964530 97
473011 52
898996 44
178101 2
857281 55
440252 74
899007 44
669632 76
866248 89
833482 88
866256 46
374740 15
112598 70
505815 68
178136 91
505818 52
964577 80
571364 78
145383 81
538604 75
800749 6
800750 47
112628 73
735224 75
669691 90
175058 31
833539 65
439297 11
243720 83
899082 29
571405 81
800787 23
342041 51
178202 59
342043 90
964636 44
586415 45
899105 52
482993 54
833578 96
636972 77
128141 87
374835 44
505911 83
964665 3
79933 58
833598 86
276543 42
576596 97
466392 4
931918 41
177165 78
702546 65
309331 13
866389 25
669783 55
473177 92
979983 15
931938 17
538723 53
964708 44
887142 13
347460 26
637033 87
768107 18
866413 30
899182 67
112760 19
342138 31
473211 27
79997 32
571524 80
848918 54
178313 15
750615 49
145548 97
309395 37
145556 94
833686 8
309400 10
2415 73
133488 10
211108 29
211112 80
112811 27
669868 9
702641 40
62494 56
932030 73
112832 95
964806 46
538823 43
843468 80
932045 7
571598 34
866512 27
800977 19
47316 98
160804 48
243932 37
473317 61
756638 78
375018 97
801004 21
14573 13
887165 42
276722 29
473331 2
14586 21
801021 11
243970 66
506116 82
964875 17
538892 73
47375 75
669968 81
211219 78
538901 37
899350 35
342295 64
833818 70
604444 17
80158 93
506145 69
801059 41
473380 85
919942 96
244013 85
899376 34
964915 65
637236 19
899381 72
768310 58
506169 14
964925 84
309568 49
997703 26
244042 77
637267 51
342357 9
866648 54
28685 22
178524 7
866656 16
604514 57
47461 45
538983 70
941799 41
473454 29
625043 49
145780 92
324670 46
342392 61
997756 70
571785 94
309642 58
539019 87
342420 22
473493 60
117145 46
637338 87
276891 35
907220 16
145833 85
537671 83
113071 36
375223 12
342458 72
472138 59
440774 5
362913 95
932296 19
113100 61
768462 38
47570 0
539092 34
768469 65
178646 86
375257 79
244192 40
82328 12
113139 99
211445 86
965110 58
244217 34
106239 10
506369 40
604678 85
244239 17
637461 12
539158 25
319105 99
433924 63
506398 55
473631 69
145952 22
571937 72
997924 60
375333 40
133553 21
309801 91
637483 14
670252 21
47661 98
244273 47
768572 72
375357 74
506430 10
952757 46
506434 91
113222 94
834119 56
997961 84
47692 53
145997 86
277070 54
899667 67
342612 32
80471 53
166349 90
188175 15
182714 40
178789 46
342633 29
750695 32
604780 87
997997 34
670327 80
473720 66
899706 91
408188 74
461248 50
899714 99
801414 11
887233 67
965260 31
324717 11
113296 89
342673 9
309911 17
703129 1
866970 51
539292 38
670365 33
998046 65
608709 77
504944 23
801446 89
637608 17
441001 87
768684 27
604846 47
801455 94
341107 77
309942 14
113335 55
309948 81
277181 81
146111 20
177270 63
637646 67
199117 29
539344 58
799865 73
473819 52
834276 50
703205 62
637670 44
539367 21
375531 7
834286 35
801525 29
670460 1
277252 68
539397 37
408328 35
473865 24
834314 34
637709 94
604942 71
965393 42
637715 16
146201 13
867098 54
73519 1
604960 50
965412 30
755566 10
310054 74
310058 12
834349 43
768814 87
703280 36
506675 58
965430 12
736056 0
965434 44
539458 46
80709 58
506694 23
342856 30
998218 84
605003 50
637775 41
867156 41
788964 65
62607 2
605023 41
193680 53
867172 74
231910 69
767121 49
736104 75
867180 29
244593 83
932722 7
637816 76
932729 70
606084 72
310139 74
297450 19
310142 5
998274 42
277380 57
211846 49
670607 61
441232 62
670611 25
146324 99
539541 43
408474 8
244639 81
703398 88
15272 4
506797 13
244654 69
605107 92
310198 39
712521 37
408505 98
153950 39
768959 35
342977 71
565067 40
441286 92
572359 59
768970 22
572364 84
605134 10
703442 60
48083 79
113622 95
867287 15
113625 38
506843 76
703454 25
113631 29
801760 39
80871 18
211953 61
834546 88
310260 92
113653 53
474103 23
670714 37
526848 73
637954 65
834563 89
932868 52
408589 46
965646 20
310288 66
834577 19
474132 3
670742 91
736279 19
48156 10
80927 57
769057 81
867363 90
212005 32
965670 24
570545 98
474153 3
932906 15
474156 5
179245 19
441399 38
113724 36
477706 28
113728 7
375881 48
605258 19
932940 97
506959 31
179281 6
212054 25
835030 96
182799 5
15456 68
867425 73
900195 60
146541 95
244847 58
212081 96
867442 19
474227 58
801915 97
605313 9
572550 80
849089 0
244875 55
81036 58
408718 72
441489 9
113811 19
179350 42
605336 34
179355 84
277664 17
15526 35
900266 96
81069 69
505032 18
81075 69
572596 33
867510 37
48312 0
113852 26
900292 66
40822 84
204663 11
277710 84
965839 63
933073 68
277714 64
146643 81
441560 87
703709 23
834782 27
834785 53
244962 79
122747 1
48362 90
969255 86
507117 58
638190 10
834799 66
900337 48
48377 1
703740 69
900349 30
998654 85
441599 35
474368 11
48385 80
802050 93
212237 29
117293 77
849112 63
113941 55
376094 10
84529 57
539944 57
965943 38
539966 71
965951 8
900416 29
539969 94
909195 41
900420 85
900426 55
996578 48
671054 5
245072 55
671059 77
958350 22
48472 6
48475 97
343389 79
441695 1
572772 56
264764 86
179563 0
114028 9
343408 81
572785 90
114034 85
507252 99
408953 23
245114 90
540027 31
736640 74
736646 25
601737 0
146826 26
736655 74
507280 48
572824 6
867749 61
114086 12
474536 93
736681 66
638379 21
253854 79
81334 46
789065 35
114106 96
376254 87
114111 54
245185 18
769475 0
685302 56
212424 49
507343 59
900561 26
638422 82
310743 61
540126 82
605663 17
114145 75
376296 13
114153 33
966122 57
245228 94
696201 71
572912 87
701695 99
278013 34
900606 17
572928 59
245255 98
15880 92
663469 91
114193 48
48659 21
351873 7
343577 71
867870 98
245279 60
998950 91
835111 3
638504 3
343596 32
328960 39
966198 2
81467 86
310844 26
278079 55
572992 93
474691 77
81486 12
409168 6
147031 9
966237 68
638558 16
835168 55
441953 63
441959 33
48748 19
867953 73
605811 92
802431 90
977094 47
441989 25
474758 55
704137 46
245390 11
933520 34
147089 29
671379 56
966294 88
802474 31
16045 96
769714 98
573107 29
868022 60
573112 30
442044 4
704190 13
152202 85
474823 70
730501 12
303053 11
343762 26
114388 41
933594 42
638684 64
638685 30
554277 53
522096 89
278243 87
507620 65
442089 57
343786 9
966379 96
245484 68
868077 88
671471 54
245490 0
671475 6
212724 27
999167 60
638721 59
737029 16
376583 21
81676 72
179984 70
999185 69
179986 89
474899 9
179988 42
114454 90
474904 4
638748 58
81694 27
835363 30
474916 93
573229 77
474933 20
507705 67
442177 78
81730 73
704331 82
581602 76
245582 23
769871 84
114512 17
278356 96
507733 53
180054 39
573275 36
638817 58
212834 10
49003 61
769901 53
147316 84
114554 94
868221 36
573311 86
376705 94
737054 76
81795 92
16260 24
704398 69
802704 29
868242 10
49044 23
638869 65
769944 46
243014 98
409510 30
802728 45
147369 14
376746 19
343982 68
606133 51
343990 6
376760 64
147387 42
311236 66
81861 41
311241 61
49099 82
548856 83
737235 81
212955 0
901084 70
245725 23
147424 42
543399 22
980306 29
395944 12
344053 36
212984 14
635583 18
114687 42
212995 38
49157 64
376839 51
429575 94
213007 51
245776 38
835610 9
344091 0
966691 71
49189 74
81958 95
671786 6
442414 59
409647 31
442418 77
704568 46
639035 54
868415 59
933952 35
311364 98
835653 2
278598 69
344136 45
344139 69
344142 68
442452 33
311381 79
376920 16
704601 91
567936 97
442460 50
508002 33
606318 81
619880 96
311411 96
344185 65
641727 46
671870 79
835711 37
704640 53
344196 4
114824 87
245899 56
737423 97
278673 61
770195 63
508068 24
82088 20
671913 40
245932 85
16558 47
16559 38
753431 25
508084 96
16567 72
508091 93
770242 23
377031 88
639176 34
573644 44
377037 94
803023 24
606420 19
999639 74
901341 74
540895 94
901344 79
737508 23
82149 59
671974 88
213223 86
377066 73
803053 98
639217 56
147698 29
357758 26
901367 52
442620 12
934142 71
573709 17
999694 87
606479 0
246038 6
999706 57
246043 80
183002 99
278817 43
147746 31
357766 64
770342 36
770343 67
409896 1
704815 65
835890 64
860211 55
213301 46
409910 99
311607 66
966968 60
770361 25
475461 61
248545 91
30093 34
246098 98
737619 19
180564 18
180566 29
409943 97
345354 14
508253 89
409950 6
49503 20
606560 56
49508 83
967014 0
246119 16
344424 82
999787 86
112018 96
475505 50
442740 37
835957 60
967030 34
854913 27
147844 87
377225 4
475533 23
835987 55
475544 1
311705 51
835998 72
344481 62
901540 33
803239 57
16808 66
180651 61
836012 52
213426 74
180660 21
492863 0
901562 53
672193 2
672200 0
729164 99
901579 33
475598 7
639439 18
565326 66
672214 37
803287 13
115160 67
344539 95
999901 99
246238 78
16866 30
410086 67
115179 44
903933 53
49653 65
836089 40
639484 12
934413 79
49684 58
803349 9
606744 83
999962 34
344607 96
193968 24
967202 44
770598 2
442921 69
344618 74
836143 13
737840 79
606773 77
281353 74
541241 18
16955 63
344637 92
541247 58
836161 74
508482 57
816566 84
49735 80
410185 93
836181 40
606807 0
475736 77
49753 67
541277 56
705119 37
901732 28
410217 28
639596 80
705136 89
82547 6
901750 74
639611 78
49788 41
443006 97
836228 40
17029 95
606854 21
606862 0
17041 49
475802 52
115357 6
136959 0
836257 85
213666 63
410276 83
541350 93
639655 61
17064 87
770732 56
871197 72
869041 8
475827 98
934589 70
128231 21
82624 78
180930 79
803534 87
745592 82
803538 59
967379 92
967381 53
606943 48
49896 99
115433 12
279280 56
279281 65
541426 12
803573 24
17144 69
475900 72
554453 42
443137 4
401537 58
574228 14
17175 53
17183 48
82722 90
325083 70
312100 53
17190 9
639786 5
803628 99
17198 58
443186 22
443187 90
541493 58
213817 78
836413 18
738111 3
82752 7
319627 65
312134 91
344910 17
967505 47
639826 78
17235 2
279382 63
410456 14
148316 52
148317 26
177637 7
541536 65
742733 90
599605 43
836464 32
259561 26
705400 45
476028 34
82814 83
845110 33
166721 11
967560 1
410516 82
508821 58
148377 92
705434 11
967582 19
705441 19
738211 70
738213 93
148399 39
574391 12
279480 68
898549 80
902080 20
934854 17
771016 42
213961 76
833016 36
246742 32
181207 36
639961 52
443354 26
50140 74
541662 8
279520 82
574434 37
443371 65
312300 69
607213 39
771058 2
443381 99
869367 11
934904 28
505344 51
705540 69
541701 30
181256 69
607241 41
790558 55
410639 38
50192 67
17428 38
607253 53
428889 17
937861 67
869408 77
345126 56
443432 69
967723 56
934957 90
214064 67
148529 25
541747 54
279605 98
410678 62
279608 77
869436 84
214079 41
738368 20
581814 7
166753 50
771150 44
640083 75
902235 42
592741 87
148580 57
738408 36
640107 17
574572 56
509041 67
745662 31
541817 66
607355 36
115843 60
541829 67
967814 47
902280 64
836747 15
541836 70
902287 49
541849 27
979727 95
17567 54
346993 30
640169 15
181419 11
345263 84
35699 26
509120 39
738502 85
279769 52
476378 22
13861 30
603686 0
83174 79
410858 52
804078 60
378097 40
541948 43
869630 93
378112 60
181509 53
214279 56
214280 80
378122 42
630999 89
345356 6
574733 73
443666 84
265091 89
673051 39
804126 77
541989 89
445319 58
705850 75
673087 40
771395 0
378181 83
869703 65
181576 79
648245 18
751160 97
443730 70
509278 37
181599 81
738660 88
83303 58
509293 37
542062 86
50547 39
680169 5
738681 48
148859 77
607612 28
705924 34
902539 92
17805 59
50574 83
680173 60
178447 4
804241 66
574875 73
673182 83
751173 73
443812 31
467185 93
902571 18
312750 18
673203 37
986014 53
50615 23
17851 66
640445 30
279998 91
673216 42
312774 74
935367 43
837066 51
312780 32
476626 17
476627 4
378324 22
706007 75
902618 88
935389 71
935392 77
542177 93
738787 73
509412 64
378342 34
902636 23
542191 2
804338 43
345587 84
214518 33
50681 20
417408 2
336127 3
84906 30
968191 28
116224 53
443912 76
968202 67
50703 56
378384 7
149016 88
869922 5
17959 89
738856 96
607785 22
837163 26
640559 64
411186 15
312884 70
258105 74
935480 54
116289 27
738883 49
706117 28
476743 48
902728 7
50767 79
542288 19
902738 86
443990 56
738904 92
738906 4
738907 48
968286 84
345699 10
60612 28
116327 50
738920 87
116329 72
390759 19
181868 14
925970 12
542323 3
149111 60
575096 87
214650 15
280188 62
83582 67
702059 12
411268 91
345737 76
3010 72
476815 12
640656 87
214674 97
378516 15
902810 77
345756 37
444064 35
542372 29
378533 41
50859 20
640688 31
411315 36
476854 87
706231 10
542398 65
83647 37
50880 67
986059 18
509645 40
18126 55
870099 53
870100 67
723918 74
378587 9
673500 63
542443 22
804591 69
673520 46
640761 29
739066 33
83707 30
811306 37
83714 12
149257 34
116494 87
837392 14
837393 10
935701 69
935709 76
182046 68
243333 33
870186 97
673580 76
804654 68
509748 92
216030 67
870200 62
18234 9
870204 56
751242 57
902975 48
870209 20
313155 52
313156 22
411465 96
771915 98
18252 98
543714 25
247631 30
182102 76
640860 82
214879 74
771936 60
83809 35
51043 89
903014 33
46739 93
608121 65
18305 76
247685 87
706443 87
368962 53
280462 51
903057 25
18324 22
608158 97
772001 39
772003 32
18342 7
68594 32
870319 22
673715 74
116661 16
346046 67
411583 14
149441 38
411586 23
804811 28
149452 45
313296 92
411603 75
214996 69
182232 33
739290 46
837596 46
51165 38
51167 74
51170 77
247782 10
215024 33
575481 1
673788 24
827733 67
411649 45
837634 14
378885 69
837641 39
182282 67
739342 55
538285 47
837654 81
641050 59
24922 71
247840 15
247842 17
739364 5
411689 88
706603 42
935985 39
247861 56
575554 58
444484 27
378951 46
149583 78
313424 3
280657 84
215124 91
346200 49
772185 44
51290 42
313435 17
18525 95
313441 14
706658 3
870499 70
542825 85
378987 38
804972 28
608366 76
706678 22
444537 94
411771 22
84098 35
673925 67
510095 64
936080 31
51345 33
84115 2
542871 95
84122 51
706715 91
247968 59
575649 87
84131 49
575653 30
575656 4
215210 0
51379 75
456393 3
837818 21
182459 38
575683 86
542916 51
837830 3
149707 22
936140 29
542933 8
149731 36
182500 37
739561 41
870634 44
166951 73
674030 54
215283 93
346356 85
903413 88
870647 42
805113 15
411901 0
411905 17
215575 95
313614 6
510224 37
477461 98
84246 63
608535 1
968985 52
444698 89
379166 50
313632 89
51489 97
968996 70
333418 56
363569 13
149802 87
543020 4
182573 62
674096 41
330145 28
477493 16
477494 71
543032 60
477498 12
18747 87
510272 15
772421 99
969030 71
903505 52
575826 65
543060 28
280922 87
313693 58
575838 78
313695 58
346465 96
346467 39
575844 92
182634 3
489192 45
936307 2
805242 86
739708 28
259819 75
543109 86
772487 49
412042 98
543116 31
641424 37
543129 59
838043 10
51618 18
691270 81
510378 49
248239 34
936368 52
25724 12
706994 48
489203 59
510389 79
575927 98
346553 62
641466 35
543170 33
903619 74
248261 85
84423 49
477642 44
254370 86
805329 35
51666 59
84436 98
838107 19
543205 92
674279 62
444904 80
477680 23
739828 82
281077 67
182775 12
248312 25
739833 74
739842 94
313859 54
444932 60
215557 60
150026 50
200238 63
805389 21
477711 66
84499 14
511065 9
281113 85
150042 77
608795 25
855130 38
444958 42
707110 9
188849 45
248364 6
827826 40
117297 20
565684 73
19002 77
947978 84
363616 42
412228 71
215626 48
729527 7
505613 88
838225 57
117335 47
772700 24
576105 84
592999 87
248428 12
281202 11
313971 92
739964 66
412288 95
117383 18
150154 49
936587 63
346768 74
871058 43
533107 23
560238 74
707222 68
641694 4
248479 56
412320 38
543395 29
51879 19
57800 54
215732 25
674495 51
980769 30
445128 57
150224 15
150226 96
51927 76
379608 29
805594 55
969438 15
314081 93
877009 15
150248 45
346858 90
707311 47
412401 17
772852 75
117493 52
543485 46
972100 56
576258 91
674568 95
767788 97
936714 28
379660 50
510733 36
183056 74
510740 23
674582 92
248600 9
117529 23
243503 16
903965 21
886638 4
751409 43
838440 76
215851 66
772913 94
674610 64
215861 77
248632 77
215866 39
227125 55
445249 27
478020 42
772934 7
936775 40
412488 17
150349 54
215887 99
281427 11
52053 43
898873 54
248667 33
707420 65
451045 34
969571 92
904036 85
838505 24
576363 26
445292 43
478065 21
346999 11
543618 34
772995 23
84871 36
936848 94
215954 28
248727 2
412569 40
904091 99
472901 87
641954 50
379815 9
321437 54
150442 70
347052 15
248749 21
838575 91
609202 69
543667 84
576437 54
641979 85
248768 4
532982 77
740294 78
84938 91
674763 77
347084 4
445390 36
8696 88
576467 20
183260 22
385530 30
478174 32
216032 99
740322 14
680443 79
478181 81
379879 89
871404 15
805870 90
510964 58
805880 8
314365 50
248830 1
740352 52
478211 43
805893 76
904201 26
412682 13
52239 9
52240 80
767832 63
5013 8
41476 37
150556 80
248867 64
52264 69
511020 1
52271 38
19504 64
221704 42
751454 81
150586 76
79711 83
281666 94
445515 46
543828 6
150614 19
150615 75
511064 7
740441 85
969823 31
250520 76
740459 21
543933 35
576624 29
838769 90
483859 39
904309 16
909844 0
445567 41
773251 21
380037 47
445575 29
380043 99
19596 84
412817 1
674963 21
183444 32
642197 19
543940 29
85146 50
374639 70
871585 65
445602 26
511142 33
434716 90
249010 82
740531 34
412852 68
85175 58
249016 74
281786 13
249021 24
380095 69
445632 51
314561 61
904388 13
558131 38
937167 33
412882 32
412883 53
281814 40
445655 97
445658 17
150750 7
871650 3
19686 92
937193 80
740586 8
871660 59
871663 53
576753 71
183538 42
756809 83
871671 43
543994 22
478461 90
249087 84
740609 48
871682 49
380167 86
150792 25
249101 45
937233 86
562496 40
19735 93
817028 78
150814 14
347424 83
14214 89
576807 21
773416 34
871722 69
52532 89
19765 62
14217 1
740664 36
19769 49
806202 90
926261 4
281922 83
391051 18
19780 62
871749 26
707810 31
478542 42
478546 13
740691 43
533049 43
314712 71
281947 72
413020 45
216413 21
675172 73
347366 73
904553 97
740714 39
249196 70
51943 40
839029 48
281974 76
576891 89
150908 77
445823 60
347520 56
707969 70
478595 11
413061 68
511378 77
216470 36
806296 80
937370 18
282014 79
609695 20
642465 89
254895 34
675239 46
740777 74
773552 61
970163 8
964511 71
249278 50
249279 8
249280 89
839105 25
249285 60
576972 24
866211 65
642516 74
8782 82
740823 3
216538 30
96683 21
282081 98
216548 8
151015 96
478700 90
970222 76
19953 22
347638 16
445947 52
85502 71
773631 56
347652 72
380422 42
937481 84
52746 82
118287 62
708113 76
740886 3
183833 22
675354 99
937506 0
478758 2
347687 33
52780 89
970288 24
413236 93
282165 47
216631 10
849844 94
773693 72
577086 54
20034 43
511555 13
708173 60
446031 19
675415 91
806493 6
221797 67
478819 61
249444 92
266904 61
314987 32
249455 48
872048 54
183924 10
937591 80
511611 20
118398 73
571328 99
609925 62
20104 70
577162 66
675467 54
609934 90
970385 92
413330 19
249492 34
249504 59
151202 60
347812 46
544422 8
183975 64
970414 41
609968 41
380593 25
402035 15
642753 0
970444 94
20181 44
708313 46
282330 82
216795 83
413412 45
52965 39
216807 44
675560 50
577257 52
221821 39
577264 57
872177 39
675574 48
642808 35
839418 13
85756 71
85290 31
249599 66
642816 88
216843 79
675596 59
478989 10
53007 96
380691 34
282392 65
20251 61
511778 32
315171 90
118567 80
577329 56
642866 53
118583 65
20288 67
282439 6
905033 45
282444 64
839504 14
915427 8
636900 24
249690 66
806749 8
413539 84
413543 66
544617 73
184172 19
708461 80
446319 34
828051 87
53111 73
249722 46
741245 38
970626 95
577412 30
151429 70
216967 33
511882 77
544654 58
348047 76
937872 17
970051 69
636910 40
249750 48
675737 5
380827 67
282528 86
860827 54
839594 47
118705 55
741299 96
85941 79
970685 11
217023 48
741315 13
970692 60
610245 54
708550 15
348105 61
839626 17
151499 12
975522 92
505848 40
511954 18
806869 58
380887 59
511960 94
795300 30
96250 77
675807 81
249824 42
577513 1
315370 88
151532 48
577517 18
872433 15
358398 3
413687 54
872443 1
249855 88
937984 0
839684 14
298326 61
680456 99
413708 67
151568 39
768003 19
249876 55
118806 69
217111 0
839704 39
549551 4
217117 95
249886 32
675873 51
610349 15
217134 51
68957 85
643120 31
893619 42
577591 55
512070 20
381004 6
708686 83
505869 32
249938 99
970835 50
479317 38
905304 70
348250 73
839771 73
970847 63
446560 57
479333 68
184422 53
348266 55
118895 71
118896 92
118897 81
774259 72
970089 95
708729 26
774268 46
872574 88
86144 18
872577 76
53378 1
610435 82
677288 74
839814 9
184456 18
970890 15
774292 61
217240 6
446621 43
282786 1
807075 47
708772 18
981020 76
577706 86
292893 73
20659 6
970932 28
250040 86
544956 47
872637 90
347509 60
446657 44
381123 55
905412 51
512199 28
151753 10
544974 63
795341 33
315601 77
260132 50
839898 17
467663 40
822651 72
970996 52
970998 81
381175 54
702506 98
545022 47
938242 77
971012 61
467670 85
348424 27
905481 69
282890 94
708878 75
676111 37
676120 63
250138 33
839966 46
86304 35
643364 13
971045 37
217382 48
676137 25
53546 38
446763 45
971053 64
741685 5
20792 13
282937 67
315710 93
545088 98
86337 60
708930 53
250184 7
807241 36
971083 26
86348 18
250190 18
807248 32
109806 85
905554 50
446805 94
47161 33
840026 35
86369 4
512354 20
938339 53
708972 60
806290 73
741742 41
807279 96
971120 92
643444 26
807288 21
315770 67
151933 0
53632 38
905605 36
905606 82
161857 71
643467 91
565997 21
937368 14
981059 53
676245 81
840087 63
283032 1
250266 93
303855 35
774560 93
610723 9
676265 21
839775 8
512428 71
446893 85
446894 5
446896 17
971189 47
315835 49
414142 12
20929 10
53702 46
789923 94
512468 13
905686 9
643543 84
265636 33
315872 39
381417 66
20973 83
250356 91
119286 61
773545 32
809226 56
217598 3
184832 29
86534 27
840202 24
414222 7
315920 60
807441 76
315931 49
905773 91
971314 85
315959 16
676410 76
587871 2
348732 84
905789 36
938560 15
512577 71
741955 97
938566 64
512583 63
53834 97
807501 11
558269 74
447058 1
873044 28
545367 77
119390 51
873059 60
381544 55
512621 48
873074 32
806334 98
283255 77
347583 46
52672 59
971399 1
119434 90
414347 96
119437 63
260205 4
578193 26
119446 69
840344 90
316057 16
316060 25
268031 41
447136 72
21154 45
479907 43
512678 52
283306 18
479918 47
742070 54
119484 35
611009 53
316100 3
414405 91
348875 32
873167 13
440440 59
774866 14
456825 21
283356 53
545504 14
119525 15
676584 79
348905 47
774890 15
119534 70
283375 69
938736 76
512753 47
840435 53
566057 18
938745 58
369451 88
86788 7
828204 73
938762 80
578315 32
414479 92
491365 57
21269 24
709399 25
283421 65
997509 5
119592 23
545578 92
86827 77
348973 85
982807 28
54066 86
21299 30
742199 62
938808 15
512827 51
250690 24
185156 86
807755 87
86866 96
840537 8
185183 51
709472 87
709485 12
938865 86
112787 70
512885 31
971639 11
447354 48
971644 40
545661 63
512894 13
185215 63
283520 16
54147 58
702614 10
484161 68
185225 63
54155 60
380398 69
512922 39
807835 88
512929 40
447397 72
86951 29
316328 24
447403 2
611244 90
232946 46
906158 96
512943 2
938938 89
611260 96
218053 57
506017 58
873418 64
948387 18
840661 66
185302 94
545759 9
578530 16
480229 13
283624 1
283629 53
538792 70
971776 26
152578 63
480260 44
374956 49
807947 29
676877 45
218127 1
366245 94
676888 38
773636 84
119839 91
513058 2
349222 83
676907 82
316460 94
54326 1
480311 41
644152 76
807995 13
676925 71
807999 81
697184 4
808005 30
185415 60
644172 93
873571 37
283752 34
447594 61
9063 52
644206 26
480368 26
119922 30
283765 79
382075 99
414851 94
971908 37
611469 27
424131 34
480406 59
644250 38
87195 81
511514 25
840863 16
480416 26
266957 36
611492 53
939173 31
152746 23
349359 61
382128 84
906420 68
644282 13
283838 3
349375 58
447681 24
840900 54
480453 81
87238 39
939208 25
545993 96
677067 32
775375 25
218320 74
959352 15
85831 24
152788 56
211150 12
513241 99
644323 96
609831 19
414959 8
873714 44
87285 27
185590 67
775416 81
407764 20
251133 93
152274 0
808201 49
709898 98
21771 22
546062 32
775440 66
972049 91
447762 95
218389 62
21782 40
840984 40
480539 68
390259 98
218406 77
538844 73
87345 6
216628 76
480571 60
546111 90
382274 51
873796 4
742726 32
87369 62
151095 40
841037 78
779149 54
939345 69
775512 96
578910 46
808294 91
21866 2
611691 21
54640 12
939378 36
546164 63
120181 58
54646 29
710009 72
480636 94
415101 14
218503 85
841106 54
710035 89
611735 17
276719 53
578972 18
808353 63
218531 83
710053 86
841126 54
588017 8
939432 61
578987 70
873902 77
415151 98
349620 72
87480 7
644537 94
775623 78
873932 42
413261 94
480725 8
806479 24
342266 58
873951 98
382438 41
21991 71
21992 34
21995 85
546286 38
415215 81
153072 4
382458 1
22014 78
808456 77
480777 81
906763 62
742924 9
710159 54
611857 94
513554 87
87576 70
742937 58
382490 62
120347 6
284190 16
906788 44
22054 71
480807 26
132761 28
336818 80
644656 22
415284 36
808503 2
382526 77
415296 78
407819 11
611913 39
448076 5
317007 41
972372 68
644693 94
874074 66
153179 81
972383 73
22116 84
611942 5
153191 19
611958 72
218748 86
775806 48
939648 27
153221 29
752526 71
648129 34
841353 71
480913 63
579218 60
218772 68
546453 56
120474 83
970351 90
579237 44
415400 57
448172 87
644781 29
775854 74
874159 19
874160 63
677559 92
986740 88
743100 53
841405 33
218815 29
415426 35
87748 37
926668 65
480978 80
612053 13
317144 59
156623 15
349917 36
546528 44
612067 14
710372 55
55018 55
906989 62
284400 33
153329 29
743154 4
218870 69
907005 98
448254 10
186113 93
775940 38
549846 73
725252 33
841479 87
22286 8
972560 28
415505 38
579348 7
448277 35
415512 27
775961 22
415515 50
349980 29
841503 93
546592 12
218915 94
775975 28
218920 73
55081 36
194866 28
808751 26
513843 33
251700 55
612149 84
218937 93
775994 50
579387 65
937610 16
841537 9
87875 90
776010 19
317262 25
743253 92
120663 86
402404 49
415581 96
218975 89
546656 22
743265 0
784699 35
265873 81
55144 34
841577 63
970386 56
644974 13
874354 35
513908 43
874360 92
481145 1
55163 18
907132 8
866624 22
22402 96
87942 31
939917 37
87950 51
939920 35
939922 4
546707 76
120724 28
710560 73
153509 70
776120 92
612283 62
87997 73
808894 35
219071 83
350147 93
415684 42
972741 39
284614 52
841672 48
22480 56
382932 78
874453 6
972766 43
424272 66
55268 80
222204 9
808941 87
907248 96
284667 7
743422 68
972799 62
88064 7
22531 26
751958 58
907279 95
743446 48
415768 92
22553 38
677914 53
186400 84
120868 89
579621 81
743464 91
251948 42
22573 38
677935 5
88112 0
677939 21
841780 47
219189 63
317496 47
677948 23
22590 29
677952 46
55361 47
907331 6
677961 86
776266 22
645197 97
200376 12
284755 92
645214 46
14693 96
252000 7
514146 92
972900 96
809062 58
348824 54
219243 19
910354 65
448628 30
776314 18
120955 8
599062 70
317578 82
874637 75
809112 49
88220 34
383133 30
678046 55
481441 85
383141 1
645286 33
743594 62
186544 94
801139 89
828446 84
514232 50
186562 36
252102 20
612555 38
481487 82
506232 72
22739 36
940246 76
55515 61
448732 76
539004 50
907498 18
841963 40
448749 0
121070 99
710899 6
153849 6
678138 11
612605 30
55550 88
153855 63
22786 10
678147 8
678152 69
874762 89
940313 89
678184 16
284971 57
153906 35
940339 65
514361 94
481594 33
579900 10
22846 97
645439 52
284997 96
317767 40
874824 8
219469 89
678222 99
88400 68
285009 80
317782 37
88411 29
29131 94
153951 90
809313 6
371746 81
842087 16
317801 65
153962 37
645484 92
678254 3
708328 58
350582 80
350584 28
743802 99
317822 30
375189 92
219520 31
579971 13
907655 97
973193 46
874893 17
612751 75
940433 15
842131 94
940436 18
317853 10
22942 30
88479 10
539035 97
940453 37
997788 94
416170 62
350646 91
317882 15
448956 95
88509 70
648267 2
637985 60
350662 42
809415 34
481743 88
612817 40
219602 22
842197 60
63908 48
665264 17
907741 75
873670 20
580065 16
23012 66
514533 20
350695 94
645612 61
88559 32
547317 7
186872 34
55803 91
872192 80
743938 18
776707 60
973318 2
96684 42
973324 50
678415 45
186896 78
121361 62
973333 21
55835 84
973342 10
23074 35
599131 31
285220 40
481830 66
678439 95
645673 16
678443 69
186924 1
809517 50
973376 93
449091 14
407991 54
219724 60
612942 40
23119 47
60782 17
940631 59
219736 58
416352 5
776805 17
416358 13
318056 50
88681 92
907891 9
481908 74
645749 25
34596 84
940665 61
121466 35
154240 9
776835 25
481924 52
187015 69
371756 88
613009 39
285331 86
318100 3
613024 74
645793 91
318116 54
580262 39
318119 33
247368 40
711337 61
716554 88
875179 65
318124 99
252597 26
973497 7
744123 52
219837 13
940742 4
3873 72
907976 22
842441 45
285390 81
449231 32
285394 85
973528 73
121566 64
842464 84
645860 55
449253 8
121574 44
457169 15
940777 26
875242 84
708391 88
379397 23
383729 63
121588 13
812158 86
908022 97
121592 66
940794 96
383739 14
318214 41
776969 28
875277 5
875282 31
189572 31
852949 29
514845 90
121632 81
940833 32
124038 80
773937 26
318249 96
514860 75
908079 66
416568 59
219963 7
449344 95
482113 82
711492 38
351048 64
547663 28
318295 88
285529 93
973658 67
449371 56
800577 37
973665 57
875364 27
908133 36
842601 94
121711 80
23408 66
416627 58
580468 75
777077 25
220024 62
220028 10
23429 47
449417 51
514957 0
187284 87
580502 90
252824 32
580505 4
711579 85
613276 97
664730 52
940958 4
318368 27
220075 32
646063 21
514992 47
908220 63
482242 21
56261 60
121803 30
482252 5
677283 56
23502 34
252880 37
482266 50
8421 20
744424 61
515052 67
580590 15
908272 3
875505 26
610131 41
941046 30
383991 96
973822 13
744449 95
449549 38
121870 92
121873 25
31235 10
121876 40
384023 93
56344 44
252957 49
468144 12
318509 79
315229 12
556171 66
888670 67
515126 22
56379 81
515133 87
56385 6
285763 78
220228 5
810057 17
154706 29
810070 75
648377 37
449625 20
744539 32
711775 16
681147 88
908390 29
613481 80
253035 72
56428 85
56440 81
361101 3
220292 17
121990 53
285833 76
842894 86
449679 76
383360 55
777364 32
154777 75
397167 29
267025 93
613534 16
89253 45
548006 88
482473 50
56490 35
910535 35
449711 58
974000 56
744625 51
285874 62
613556 79
777398 93
875705 54
613565 48
122047 19
548044 78
679120 48
220372 60
89309 17
842974 30
777439 1
810208 2
56545 84
318695 74
515304 60
56557 77
744691 57
613620 45
89341 32
777470 12
932395 44
810245 33
417035 85
548108 34
89357 8
679183 2
191741 38
828633 0
318744 40
122142 34
23839 90
941345 1
777506 25
604721 52
449833 68
56619 41
908590 82
159008 62
697566 5
613687 15
580922 5
646469 44
482633 30
351569 21
711121 88
318804 68
941402 82
843103 35
810337 58
921489 92
580968 95
580969 72
908650 42
449899 6
318832 39
679281 68
253300 50
384374 78
122237 96
449921 96
253318 36
449927 61
632044 89
89485 95
777619 85
744853 49
56728 87
712089 74
877807 82
122271 55
122280 26
908715 55
921722 92
974262 10
875968 68
56770 99
613836 96
941527 51
253408 13
286177 29
712162 70
515556 4
191748 58
89576 36
351722 23
581100 62
24046 49
450032 53
253425 55
220659 9
655052 49
626601 79
253434 96
613888 81
24066 88
482821 21
89608 67
712204 5
712205 48
712209 86
646675 22
744981 9
744988 61
450086 92
679464 84
613931 84
908849 20
56883 69
515637 0
843319 66
646716 19
613951 43
692150 17
843334 44
581191 46
876106 85
810581 46
777815 33
586741 47
286301 50
908896 30
319074 85
908899 35
319078 73
515687 1
220786 16
188027 41
122495 19
777856 82
810625 34
351874 41
122501 78
253575 95
351880 7
719468 32
146029 83
614034 73
876182 44
188055 14
384670 88
614052 95
450216 80
515757 4
384689 5
319154 82
876212 28
384696 46
632095 54
548541 94
777923 80
122565 73
155338 89
646859 44
384716 11
810702 80
483023 42
122578 13
253653 64
155365 32
319207 60
876265 86
745197 51
843503 37
909046 71
515833 41
483070 79
155394 29
122627 67
24326 76
253703 81
646920 1
417551 7
253721 52
548635 43
319264 91
155427 21
614180 95
646949 35
286510 20
57137 49
651999 47
974650 78
91445 93
122693 19
220999 84
483145 28
418715 41
876367 30
450385 39
801702 2
483160 17
647003 34
89955 99
974703 74
483184 91
31379 12
843636 98
286583 38
24442 4
712571 29
548733 57
539287 67
501058 74
450446 74
875901 85
941977 93
352157 99
712606 23
155552 51
122787 87
249841 80
450473 89
778158 8
876466 10
319412 45
843714 9
122819 93
241956 70
967771 42
253901 85
155598 52
909263 19
286673 8
647126 89
253911 41
483297 70
712674 96
679908 70
483303 13
909299 58
974836 83
90104 57
417795 65
188422 81
385031 60
614409 29
24587 8
385043 82
801454 33
417815 69
352281 76
647194 2
956649 20
970757 41
909351 90
468316 58
352300 85
679982 39
254000 86
47795 82
320862 92
811063 39
516152 15
122943 89
450626 10
483399 58
876617 78
548938 93
516172 1
680016 38
417874 37
517475 22
319576 11
614496 82
254049 38
155748 42
24677 83
385128 97
319594 19
778347 22
876652 62
24687 9
24689 51
909427 58
516212 36
811125 16
876664 91
408255 46
942205 44
819 12
64108 82
57475 82
665321 20
189805 64
516244 82
221335 65
680096 29
352417 10
413723 81
490182 76
221351 22
319660 27
315421 58
123058 11
385205 89
811190 18
417978 27
254142 2
320885 64
763254 15
188614 86
680135 14
680143 59
450774 21
746874 95
90335 31
712928 34
670416 9
942307 52
975076 91
188646 31
155880 57
286953 7
319724 38
778477 84
286960 51
352503 55
614648 97
271743 14
483582 18
24832 51
876803 37
483589 24
681345 41
123144 96
57609 6
942350 43
418072 17
975130 68
712989 95
188703 99
90400 16
418088 55
975145 55
352554 74
155948 33
614706 86
680248 34
385338 98
745787 11
107914 85
287039 88
614721 44
876868 17
155976 36
876873 70
24906 24
745808 29
581973 31
647510 49
549207 58
155994 52
778588 21
385379 7
483692 77
123251 96
326378 24
614782 56
319875 50
876934 43
24968 47
778635 83
221582 6
825928 30
745879 57
680346 85
24990 42
876959 59
614818 64
942502 79
909737 16
647594 74
876977 3
156089 58
451008 19
778696 28
516554 68
483788 10
516561 83
757839 94
451039 1
57825 92
781629 84
352746 67
123374 4
811506 70
254452 54
778746 21
254459 82
877063 57
287240 37
188938 66
614927 93
746000 93
549393 3
516627 96
123412 32
64260 3
320029 3
680478 22
418336 47
877091 10
778789 92
418348 28
516653 40
746031 54
254520 69
57915 82
778816 29
418372 46
959926 59
909898 85
320075 63
123470 93
418384 72
713297 17
123488 5
778853 20
778854 93
942705 62
25204 69
495722 96
844418 29
189064 74
483977 61
123535 36
189072 11
909970 14
385685 81
418463 9
516770 2
741489 57
123567 28
385712 22
877233 64
502761 60
515855 34
352964 11
320199 59
811721 45
778964 38
910039 28
123608 65
910044 31
90845 82
484062 57
615142 65
287468 39
353009 96
516853 2
408362 48
779009 65
320261 17
381057 96
221961 31
647949 43
113454 25
811799 37
942877 3
156448 38
572208 38
877346 23
844581 45
549672 46
221993 40
680752 1
844594 83
123713 75
779086 4
123728 52
516948 57
746326 4
516953 79
287578 88
626692 63
834362 36
418656 11
353122 92
189285 18
680808 9
123755 20
168082 75
353141 88
58231 62
910200 88
320377 67
123770 89
156543 82
25474 94
746376 62
877450 63
680843 1
123788 99
25485 77
615311 90
451475 49
746395 75
897758 88
680869 70
320427 83
91055 5
156595 5
25529 78
418753 17
156612 85
615366 89
943050 92
555853 21
680912 51
910294 13
517086 97
844769 4
287714 71
91115 90
320498 72
861694 17
812022 93
37033 64
375636 45
582652 10
910333 30
326485 7
517125 16
582663 59
386058 50
588631 77
419330 82
746512 37
615442 52
287764 79
320533 59
943127 81
582683 4
618619 92
877601 35
451629 72
418862 15
681007 77
713776 66
189489 74
484403 73
549940 21
681013 96
549943 80
681017 88
932703 76
910398 26
517183 2
582720 26
943174 12
484427 77
58447 55
484433 41
287826 29
320602 95
746589 91
899941 93
648292 26
992785 98
549992 66
447128 98
255083 18
779373 19
222318 33
320627 2
288276 85
975996 14
681086 84
615555 60
550020 65
878102 79
877702 19
58507 58
25747 71
686958 81
189590 38
58523 30
910495 96
550055 30
910507 97
222380 17
801650 42
58548 40
812215 18
58553 91
615610 60
189627 71
844990 67
812223 40
353474 61
681156 49
124103 10
222417 92
156882 12
943315 33
353493 9
877782 72
463055 25
320732 61
419038 27
47995 12
222439 31
419050 90
818045 83
828968 83
517363 32
517366 89
845048 58
943357 31
812299 77
615692 30
386323 96
779548 15
976157 54
517413 57
779558 97
714024 45
457607 37
255278 30
517425 65
910645 32
681270 18
451895 42
943416 43
714043 32
189759 77
91457 25
451915 37
288077 66
615764 40
714069 10
845150 0
550240 22
25953 35
681315 64
681318 41
91495 98
255337 29
25965 43
517487 55
222578 54
583029 35
15252 35
58746 77
124283 61
615806 50
31637 36
484737 61
157067 76
320909 75
812433 65
353682 61
288147 54
386628 14
517533 24
157091 87
812462 5
419263 17
502787 97
124491 99
878022 34
910796 17
648781 46
746960 66
746965 94
255446 61
681437 36
157150 4
648675 66
26085 65
714214 31
157159 70
490407 41
20509 83
321008 70
288242 28
189939 41
615927 78
779773 70
386559 26
910850 70
615940 55
615951 30
583184 70
419348 35
681493 50
124438 1
943641 85
353820 78
850864 24
517673 33
26158 41
779870 48
910903 15
91709 32
124483 64
91716 93
681544 29
255563 7
353869 42
583247 11
255569 62
468579 41
943701 8
353879 7
550493 1
648798 72
910949 54
91746 97
452198 72
550502 73
221281 56
878184 86
747115 43
943727 30
386672 46
681585 12
616051 52
353911 22
616059 20
419459 78
26244 92
681624 14
288414 1
157344 63
393 69
222882 96
747171 9
26276 96
190124 33
288434 63
648884 40
348446 42
681658 63
59068 74
124605 1
157376 84
681667 96
850892 24
26231 86
157398 68
681688 93
583387 64
648926 46
354020 6
190184 39
419569 99
124659 30
321269 45
976633 2
354046 39
255750 40
747276 45
255757 69
255761 33
223001 92
976667 77
583455 15
605147 26
26404 39
288552 92
747305 60
124715 76
501385 82
91960 66
190274 53
976715 76
534443 18
616270 67
681808 28
758072 87
550738 42
681812 92
943958 67
517986 63
266556 6
386927 71
272019 74
414014 4
354166 60
809353 40
255864 44
780158 97
419711 99
26504 75
157577 67
944011 45
452496 2
845714 45
583577 52
845724 7
845725 37
495941 56
244722 12
26544 98
616370 23
512329 99
354236 66
845762 47
157635 2
747463 85
452552 30
976842 63
26574 11
457720 78
976852 65
971086 12
878551 17
157348 23
813027 7
59365 1
255977 75
944107 7
714738 63
681972 75
321526 3
911362 96
92163 56
518148 46
714757 54
583688 87
452617 10
452618 41
256011 89
419855 77
550930 71
518164 81
747546 53
157724 83
869427 51
354344 81
714796 33
223278 74
354358 42
944186 74
649276 96
878261 56
387137 43
190537 56
125003 86
583759 96
452691 96
485463 89
405639 49
780379 3
551004 88
976989 76
125022 49
452704 26
944226 96
419939 20
135526 74
845926 97
813161 15
179223 87
35094 2
354446 28
871613 25
288919 42
878745 57
977052 53
747682 5
26788 25
256165 54
452775 58
190632 98
321706 21
288946 57
846003 63
682165 21
288951 39
452793 63
146463 34
190657 11
518338 39
828559 91
190663 22
551112 93
813261 56
911566 14
354516 34
846044 49
387294 84
288993 10
518375 81
518381 77
485617 53
911604 22
452853 82
48169 18
59643 91
212010 84
649472 56
621611 13
141014 40
239319 94
256271 84
92435 25
157974 15
894681 41
518424 48
26909 12
649505 16
354594 44
813347 94
616741 67
813350 40
682279 91
420138 58
354603 96
551214 37
846129 79
682292 73
714462 71
485688 8
31796 66
649543 14
321876 9
715095 34
125274 17
518492 39
354658 26
59748 10
616809 1
158060 23
190831 2
283027 95
468713 34
354684 47
125313 56
59779 94
59793 66
223637 23
518554 76
911787 59
190893 43
846276 25
158153 51
453068 16
190928 44
453074 10
125398 31
59866 45
846299 85
616925 93
485855 75
223718 67
665340 56
92650 12
780779 91
387564 19
846318 63
551407 59
158194 19
420340 71
881445 26
682487 58
190969 77
102826 14
551422 46
125440 63
649736 33
584202 48
518673 64
223764 24
223766 14
708756 74
59937 75
453158 27
223785 51
584235 16
453167 76
92720 4
387640 99
130143 81
59966 69
780870 8
59148 33
387658 49
911948 54
551504 85
944721 4
27219 2
223831 74
420446 10
584294 25
91921 29
617072 83
846450 18
518772 50
102846 20
162921 56
162922 91
354942 24
125573 60
53697 55
518792 92
420494 67
27281 49
617106 34
10009 72
387737 11
92826 12
977565 46
27298 69
322215 71
781067 24
486057 47
715434 97
27308 79
191154 55
375923 15
584387 21
715461 12
27341 4
879311 52
453328 54
648995 23
125654 6
191195 58
355038 15
191200 97
92897 79
879331 10
912102 13
748263 38
781034 22
434090 13
681768 42
977650 79
322294 72
27383 60
621696 60
256771 76
53718 41
60166 70
748296 0
715531 51
92940 36
289552 85
551701 4
420630 30
551704 8
60185 59
518945 13
977704 39
256810 32
518955 75
191276 20
748338 63
486198 41
420666 24
846652 75
912190 68
420672 34
813891 43
224070 59
48268 74
224076 8
4578 26
27472 33
912209 15
299491 85
518997 13
125783 43
879448 15
387932 32
813926 99
846696 57
191337 7
945006 43
551792 33
781169 99
93042 5
125814 2
584567 5
97430 37
60299 34
748434 38
715669 16
468804 45
584605 53
748451 25
256940 94
191413 73
945087 68
125888 52
486354 14
519123 45
912342 45
715739 61
388064 30
758267 12
289764 76
748527 95
519155 84
846837 69
748534 80
191479 7
289784 2
183139 7
375978 66
60414 89
781317 4
97452 25
60426 67
388107 65
715790 28
584727 56
27675 21
617504 42
814113 78
862043 88
781353 60
425138 53
879662 16
257072 72
453683 59
93237 77
945207 70
224315 57
977980 88
846910 88
519231 93
388160 94
715842 35
552003 64
179382 8
846919 51
158792 86
289865 77
388174 72
617551 30
814160 28
289874 33
486483 54
126036 11
27733 1
929475 51
814174 65
289891 36
191589 81
322665 27
912497 40
584822 73
453753 3
486524 24
289919 91
879747 47
93325 90
191632 61
519315 63
158869 72
126106 9
976751 18
126109 38
158886 70
60585 46
503411 20
879788 55
272242 56
617647 61
453808 10
683185 62
519347 17
75636 25
748730 90
388283 15
945341 37
862069 29
126144 28
748738 24
64715 86
890198 44
943990 81
388294 61
945356 66
715981 23
814286 52
879824 4
519382 26
322778 21
146639 36
519389 22
27876 14
945385 11
965842 66
158958 11
158961 43
978163 39
781562 4
945403 50
290044 38
93437 51
617726 81
158980 61
879878 52
290055 59
847113 56
519436 67
388366 64
519439 46
388368 72
103406 79
257300 11
191765 91
731012 14
126235 46
683292 17
584992 35
27944 78
224560 2
453937 57
159027 64
879933 84
945472 6
322885 33
945482 43
257358 51
322897 30
257362 71
261347 56
912728 76
978279 11
126316 74
355694 46
837103 30
70206 13
879990 61
940298 95
224639 61
224641 4
486809 71
454042 38
224674 15
21062 2
388518 37
650666 32
578119 72
388526 50
650671 16
191928 53
126394 27
585147 60
847292 53
519613 2
126398 25
781762 61
650693 87
323018 77
348037 62
880078 98
283213 64
998649 85
191962 49
617949 9
978398 41
978399 93
585185 7
978402 28
86045 78
781808 27
454130 94
604332 47
585208 24
523519 45
552445 94
224766 2
28161 33
862123 41
617989 55
257545 21
355851 94
159250 74
192020 42
683551 54
519727 32
490760 33
421427 43
716341 69
978487 59
224825 0
355902 33
876026 51
60998 95
814664 77
618059 20
552526 69
323151 2
781906 65
61013 68
584695 57
749147 25
192097 66
224872 65
534460 6
683632 7
791145 77
290428 56
28288 49
618117 36
847496 38
93833 42
159373 58
28303 86
224912 15
814739 43
814741 94
880280 13
487072 99
126628 59
388774 11
763847 25
192180 15
650934 33
650935 90
192186 63
323259 8
683709 94
421570 93
388806 47
115513 16
28370 84
585434 96
323291 27
388833 62
323298 66
184955 34
880359 27
683760 98
159473 22
337875 51
913142 51
356092 31
192253 0
28419 77
225029 30
192264 14
978698 88
192267 57
618256 57
61206 99
782104 97
847641 11
159521 25
945957 7
126758 11
585511 43
28461 45
290608 0
683825 92
454453 5
698180 49
454461 65
752949 66
749378 33
28485 20
61258 2
223203 34
94037 10
683862 71
847704 13
552793 15
126810 39
421724 64
946013 16
225119 2
421728 54
736371 23
487279 14
618356 88
388981 89
421755 89
94080 9
212288 42
288747 90
716678 90
454536 32
228674 86
683919 68
103064 40
126867 14
454558 66
585631 39
389030 55
892947 93
257962 21
126891 75
389037 96
815024 98
192435 8
323508 85
913335 0
520123 91
585798 21
769354 45
356287 79
716743 32
487369 34
913355 54
578210 77
454606 58
94162 12
880600 17
749529 45
683997 84
853126 83
847839 71
192481 41
684004 52
880613 12
651239 79
958966 12
749546 37
290799 42
323574 16
389111 81
61433 99
61437 3
552958 83
769365 30
749568 53
290817 52
946182 65
552967 39
487432 40
725676 97
61452 73
389133 53
192534 70
716824 64
61465 17
782368 45
61476 5
684071 57
880681 5
946221 10
618550 25
585785 7
323645 69
454726 27
487496 26
618569 33
192587 49
356431 20
585809 33
192598 36
796687 11
946275 56
847975 46
553069 51
454768 73
520309 55
749687 48
987839 42
323709 85
782468 13
61578 82
61582 51
356495 69
356498 51
195950 61
323734 45
782487 23
290968 42
880794 99
905925 60
716960 66
867696 35
906598 25
258217 86
815274 91
618667 62
15730 12
913588 41
389303 31
343412 48
94394 7
556405 78
979138 89
684233 37
108578 25
824013 35
112293 2
323798 77
815323 98
618719 84
831312 80
61668 49
94439 6
520424 19
272423 75
880877 55
323822 70
159987 28
848116 15
356599 62
520444 82
28928 30
261505 23
684296 77
979215 42
422164 99
979225 47
982405 47
913149 21
389412 91
880934 36
160043 16
651566 13
736648 42
553270 3
362129 95
749884 8
258366 90
422210 26
702562 51
174135 38
520526 25
127316 19
618840 42
323933 64
717153 55
127331 92
520551 35
29032 66
291179 38
618863 69
815472 4
651637 25
578281 31
94584 98
749946 66
61820 69
815485 61
782720 30
258438 59
192913 69
771306 39
389530 67
946587 80
520606 5
29088 16
258469 59
291245 35
881070 48
29104 22
618933 67
881089 51
291267 6
324038 82
553415 51
455113 8
717259 32
422352 43
389591 71
586200 36
618969 15
946652 68
114085 48
487904 67
651747 85
618983 69
160234 36
455147 41
684527 85
94706 56
258547 95
834985 44
586235 49
61948 52
717316 95
684549 22
913927 28
160270 12
418875 7
119555 57
487957 92
586268 12
356895 5
749488 9
651813 71
813148 32
815664 48
127537 70
94771 85
881204 64
520757 55
782908 10
512778 71
825868 74
782920 57
848459 70
737487 59
62036 70
127575 23
127578 98
193117 77
225887 32
160353 18
677564 91
488039 63
881257 43
488044 10
979566 22
946802 95
946808 26
356985 18
291459 80
619140 70
193161 17
127629 63
717455 62
750225 37
586390 54
914077 63
651939 68
848549 40
523719 82
29359 43
783024 28
684721 3
717493 42
193209 52
225979 96
193214 73
422591 78
553665 49
898408 27
226006 87
258783 3
94945 65
160482 22
357093 17
815847 1
29418 68
258797 25
815854 24
422643 85
481077 50
422646 37
684791 38
258808 15
324346 13
29441 7
488195 99
914181 24
815878 70
29447 11
226061 33
127758 69
152365 58
422672 87
160529 93
193299 41
193309 37
553765 47
652074 68
324397 73
488241 83
160563 91
881465 37
947003 99
881475 33
783172 87
455497 35
848714 61
79544 70
488269 3
324430 22
29520 72
127835 7
979805 26
586591 72
291680 68
521057 15
783204 42
652133 74
856892 40
193389 1
357230 92
521075 57
947061 26
463679 86
717692 42
62337 79
422786 92
652164 88
881543 40
750472 51
916972 71
207000 48
816018 81
422807 19
750491 45
717727 82
29607 30
29613 63
455601 44
160697 27
783292 4
553917 69
291780 41
750534 23
856908 38
62411 86
160718 48
29649 5
226258 46
521186 9
717796 88
455657 28
259060 8
619509 96
848886 84
160765 91
390149 58
947209 47
365399 77
881678 32
95247 23
685078 13
390167 82
554009 95
128026 70
62493 52
848926 61
259108 60
816165 62
816171 40
993458 43
324654 0
848943 48
586805 28
422966 49
980023 97
619581 3
685118 40
259137 49
947266 70
455749 34
219217 62
390215 66
980040 95
783435 37
29772 28
62551 26
62553 19
816222 13
259169 57
717924 77
29799 58
849005 33
980079 85
717937 14
619635 36
423028 35
685175 78
324729 75
881789 47
816256 68
160899 47
682177 28
390282 48
354498 93
521359 0
554128 90
324753 59
998937 8
619676 39
849054 65
193695 84
685220 80
193701 6
29864 20
193707 56
685230 85
259247 98
455856 32
259265 92
299894 27
554186 4
292044 51
226520 24
807802 31
562043 59
783589 40
226534 76
849127 68
881896 56
980202 50
357611 71
324846 8
128239 26
390386 4
783606 46
95479 54
750841 63
488699 2
652542 29
324866 63
259331 90
324868 78
619784 21
783633 71
324883 43
62742 11
750876 61
914717 3
25950 46
488735 50
619813 47
554279 8
292141 0
980274 99
980279 47
652612 61
816459 98
554316 78
161106 35
488788 36
619861 97
652630 94
488791 48
652632 33
980313 4
980319 54
193888 24
587110 82
750951 79
685416 96
357738 78
616679 7
390510 46
128368 96
128370 54
128379 72
226685 71
423294 96
791445 31
292227 1
95622 39
390536 84
849292 45
521613 47
193934 49
420077 96
783763 63
963379 42
283546 10
652703 55
259490 48
193961 45
193966 98
947631 57
816560 83
488886 21
718263 11
685498 0
30139 16
783804 26
652734 61
357829 57
259532 51
718288 58
488915 28
652757 29
357848 76
980443 20
95712 94
128481 78
947682 12
226789 7
523857 69
751081 26
292330 84
292331 22
226797 71
914929 28
764159 80
947710 71
816641 62
62980 5
357897 29
816651 36
423436 56
652813 20
95759 55
390677 40
325150 11
751138 59
882212 9
849446 12
325161 61
703695 97
357935 67
554548 11
685624 83
540256 62
947781 73
980552 4
587344 90
816721 15
616719 94
751204 86
521829 70
357991 66
357995 47
620144 72
993555 45
30324 68
201662 2
358019 31
278124 97
587402 76
63130 16
456347 73
652956 21
63136 49
30371 26
358062 66
456372 45
947893 65
882359 90
30393 22
980666 31
292542 11
259781 21
587462 30
325321 65
653003 12
915152 65
698660 37
947931 71
882398 11
161506 44
849635 93
554724 9
882408 11
980715 51
947950 66
358129 57
816883 69
411279 5
882430 26
587522 52
128773 99
980746 94
292619 32
751376 56
194323 61
96023 54
653086 41
849697 9
128804 55
325421 69
620336 3
358193 79
882484 11
751413 31
456502 15
849727 20
587586 47
980804 65
227141 28
227143 64
161608 66
873442 0
685904 6
816978 67
128851 1
456533 22
948059 93
140682 4
16016 5
522083 56
63334 18
227184 13
423794 83
933523 84
784245 39
529385 65
259960 34
391035 43
227202 79
292740 68
161673 7
522122 51
685963 15
161678 12
948115 71
998363 92
849814 57
948119 46
685983 53
554913 2
128931 16
391077 90
849830 71
128935 99
30633 58
391082 14
534855 13
915378 23
456628 97
718775 76
489408 16
128971 79
227276 57
194517 75
653272 92
735352 27
207183 31
391134 60
489443 52
587749 62
686055 91
194536 41
491175 53
63470 12
817141 95
751608 55
161786 83
686078 91
227329 54
718855 77
653321 16
161803 27
358421 60
522262 6
227356 72
948253 78
620574 45
784415 3
423971 0
849956 84
411558 44
817191 58
227369 39
267271 13
30769 5
48819 37
555066 51
129083 95
882749 18
195246 82
555073 91
653379 13
948305 75
653395 52
882776 24
751708 93
424031 2
587874 16
284720 49
129131 55
784493 51
260212 41
862569 38
981113 31
981118 23
850048 69
587908 15
485740 47
559686 62
129165 20
784527 41
391317 71
358551 52
456858 7
227488 21
522403 67
719012 40
882854 82
161959 35
555177 35
784554 85
686251 46
391344 0
751793 96
817333 32
456891 71
260284 9
161982 26
424128 75
325827 24
653511 15
809819 74
784587 47
325836 29
227533 73
751826 3
358620 34
882911 94
850150 61
30951 10
495794 21
358637 3
555247 87
325873 4
784629 58
751864 11
442068 17
458453 71
588042 83
30990 11
915733 60
15217 9
981281 72
620840 86
129324 92
376541 48
915762 39
693299 50
882996 88
227639 59
129336 77
81631 68
948551 29
588104 82
786146 9
391504 64
883025 7
981330 76
981334 35
489818 98
293218 83
293222 88
981353 55
883050 18
424299 48
391533 21
981367 9
686458 96
139216 52
424321 50
31111 65
457100 94
162192 67
129425 88
96658 61
260499 92
915860 37
260501 21
489885 81
595013 20
522656 84
305462 29
424356 80
981413 81
784810 43
522667 67
31148 77
293293 91
418940 62
358838 95
282549 40
981434 8
817596 13
752063 57
981443 71
883147 40
928162 89
391630 70
293329 76
534947 70
260565 78
391638 58
181075 89
391644 90
588258 14
571700 40
129517 95
129518 17
293359 67
653811 25
424437 54
686589 90
752126 73
686595 2
915973 34
96775 38
129546 31
129549 15
555536 25
915988 97
332889 54
358938 12
391714 61
64036 86
850472 80
490032 53
916018 84
621108 1
162359 80
457273 75
653884 17
621124 86
555591 52
948810 15
64075 97
916049 81
480355 50
359000 6
883289 89
653916 66
457309 88
653918 31
948832 51
474896 97
260708 86
195174 99
129643 52
326252 70
391790 66
971880 7
391794 93
195189 15
719478 80
53418 54
588072 10
883329 16
850565 5
10689 68
621193 24
948874 81
622359 72
273827 15
948878 40
490127 92
424593 97
359058 99
785043 83
686741 87
686745 86
129691 97
785057 36
490157 48
817838 43
752305 28
883380 85
293557 69
719543 30
981688 11
326333 63
719555 5
948932 83
162502 2
96968 24
719562 69
162509 57
293586 14
327459 90
391892 4
654040 90
752347 38
96989 80
228065 96
162530 92
654053 81
424682 64
555765 46
916220 23
785151 36
391939 51
621316 58
588552 85
550572 39
588555 94
719634 25
817939 14
228117 76
64281 16
391964 95
228125 22
711375 73
686879 92
883494 1
555815 18
832491 43
162609 2
588594 24
916278 34
949048 92
457529 92
59871 8
868149 19
392005 69
883528 82
621386 93
359244 96
850765 76
981845 26
588630 44
654167 56
654173 24
588639 34
260965 29
260968 97
785257 4
326510 60
752495 47
228208 32
64369 30
424827 47
420330 96
228223 51
916352 88
457601 17
621442 24
622401 45
129930 23
660631 57
457614 66
162703 42
818066 8
916371 81
129940 58
621461 56
818074 14
949147 13
687008 85
644251 60
392103 53
949168 0
125428 23
31678 72
376651 71
64452 88
523206 60
916428 28
883662 1
785359 38
654291 43
97246 96
654306 28
392164 71
752616 38
97259 80
719853 57
719856 43
457714 76
261112 89
687100 65
195581 1
588798 48
31743 58
883713 4
130052 71
424965 26
520435 43
654345 50
130061 98
516071 66
490520 47
424986 19
720731 51
797190 18
621606 53
97323 26
556076 32
457775 87
820736 87
71982 27
457780 40
457785 19
457795 71
556101 87
678651 25
425035 97
400413 15
950114 38
356768 92
293976 3
97375 33
846353 1
359529 12
719978 14
558628 77
392304 31
916594 39
588916 7
785526 71
228472 41
846356 20
621694 31
752768 34
654466 92
621703 52
883851 27
885968 19
392342 68
97433 44
228509 43
294053 0
556198 2
950129 19
228523 59
162988 81
121087 91
611528 4
162994 23
523443 36
97463 45
588995 56
752837 81
851142 33
523463 80
425163 55
392398 54
752855 91
457955 5
785642 18
720116 78
818423 77
606079 48
523516 83
654589 54
687359 36
851200 7
883974 29
753537 62
785672 40
621836 78
425751 23
398553 61
250477 79
393092 76
59951 2
916767 48
64800 70
916769 72
458037 17
752950 96
64823 24
556354 7
818500 70
589125 59
458055 72
130387 17
97620 77
97625 55
654684 55
327008 34
294245 39
785767 57
654697 16
785774 8
32117 46
621946 74
359805 1
64895 55
851328 37
764480 56
163205 51
228743 18
64907 98
392590 38
32144 72
147352 70
982418 92
458131 48
294294 17
228759 29
523674 45
163228 41
785823 31
753057 4
785829 86
523691 66
196012 40
511720 38
130482 44
720312 41
97726 41
206134 11
327109 86
458183 10
485964 43
458187 25
916941 7
949712 82
785874 74
32213 42
720344 38
32218 14
261598 26
523745 71
163305 88
163308 58
163309 23
228851 37
606121 43
359928 88
196089 85
311210 99
220391 62
327172 64
163337 61
228877 70
291981 32
556561 83
425491 80
458260 12
884245 87
982554 11
785948 74
698307 65
589347 44
753206 59
884282 53
65084 79
212918 49
294473 99
753227 4
261712 4
507832 44
687698 30
982612 31
196184 8
228953 96
523867 17
917084 9
196189 18
360043 57
228972 59
97905 4
491129 69
327291 47
523900 60
97918 37
873750 96
409540 52
294560 79
458404 15
392870 93
982695 24
589481 58
425645 35
294576 2
655304 76
392882 62
458419 45
523958 58
212937 73
523961 92
589503 3
163521 81
523974 22
65228 66
163533 97
392917 51
949975 92
360152 98
818906 58
163554 34
556772 95
524014 84
491247 96
163575 69
360190 95
655105 9
589575 36
98064 72
655123 56
130836 39
196373 46
196375 91
273028 2
524059 19
780933 61
294691 10
687909 83
851752 52
786218 65
207495 61
360413 79
398643 75
343699 4
622558 10
786231 49
917305 16
982842 96
327488 17
786241 78
294728 8
655192 28
491355 8
917345 94
196450 35
360293 2
846481 3
851817 87
261997 71
622448 50
819057 77
163698 1
556919 82
884601 41
98282 89
982913 45
360323 62
98180 12
589703 96
682647 64
480578 46
655246 3
158361 84
589721 85
425882 14
688028 62
851869 96
327583 52
884641 32
32675 61
65458 18
589752 53
622521 98
628042 38
196542 59
360438 34
393160 62
622537 53
262092 21
300365 98
753617 51
491474 55
557012 24
196571 58
557021 4
917470 74
622587 8
524260 47
688101 37
557030 97
294890 82
819181 94
327664 17
273064 50
950258 79
524278 93
786425 21
589819 88
944810 16
824661 67
